$MeshFormat
2.2 0 8
$EndMeshFormat
$PhysicalNames
4
1 1 "Inlet"
1 2 "Outlet"
1 3 "Wall"
2 100 "Domain"
$EndPhysicalNames
$Nodes
811
1 -1.5 0 0
2 -0.5 0 0
3 0.5 0 0
4 1.5 0 0
5 1.5 1 0
6 -1.5 1 0
7 -1.433333333333703 0 0
8 -1.366666666667407 0 0
9 -1.30000000000111 0 0
10 -1.233333333334814 0 0
11 -1.166666666668517 0 0
12 -1.100000000002221 0 0
13 -1.033333333335924 0 0
14 -0.9666666666692572 0 0
15 -0.9000000000022204 0 0
16 -0.8333333333351837 0 0
17 -0.766666666668147 0 0
18 -0.7000000000011102 0 0
19 -0.6333333333340735 0 0
20 -0.5666666666670367 0 0
21 -0.4334828194452341 0.01483780414332192 0
22 -0.3674403224148687 0.03167728461786662 0
23 -0.3015706879280899 0.04918514412212468 0
24 -0.2355398973616465 0.06607078792279091 0
25 -0.1690438454606105 0.08100379607779534 0
26 -0.1018819852196578 0.09254207189643616 0
27 -0.0340627585552184 0.09910340042261319 0
28 0.03406276119194984 0.09910340028625261 0
29 0.1018819874863637 0.09254207158340559 0
30 0.1690438473006555 0.08100379570631203 0
31 0.2355398988275038 0.0660707875655408 0
32 0.3015706890393122 0.04918514382848932 0
33 0.3674403231200875 0.03167728443177716 0
34 0.4334828197718903 0.01483780406407683 0
35 0.5666666666673144 0 0
36 0.6333333333345361 0 0
37 0.7000000000011104 0 0
38 0.7666666666676845 0 0
39 0.833333333334259 0 0
40 0.9000000000008334 0 0
41 0.9666666666674077 0 0
42 1.033333333333982 0 0
43 1.100000000000557 0 0
44 1.16666666666713 0 0
45 1.233333333333704 0 0
46 1.300000000000278 0 0
47 1.366666666666852 0 0
48 1.433333333333426 0 0
49 1.5 0.0666666666665327 0
50 1.5 0.1333333333330853 0
51 1.5 0.1999999999995574 0
52 1.5 0.2666666666660296 0
53 1.5 0.3333333333325017 0
54 1.5 0.3999999999989738 0
55 1.5 0.466666666665446 0
56 1.5 0.5333333333321032 0
57 1.5 0.5999999999989456 0
58 1.5 0.666666666665788 0
59 1.5 0.7333333333326305 0
60 1.5 0.7999999999994728 0
61 1.5 0.8666666666663152 0
62 1.5 0.9333333333331577 0
63 1.430232558139793 1 0
64 1.360465116279586 1 0
65 1.29069767441938 1 0
66 1.220930232559173 1 0
67 1.151162790698966 1 0
68 1.081395348838759 1 0
69 1.011627906978552 1 0
70 0.9418604651183455 1 0
71 0.8720930232581388 1 0
72 0.802325581397932 1 0
73 0.7325581395377252 1 0
74 0.6627906976775184 1 0
75 0.5930232558173116 1 0
76 0.5232558139571049 1 0
77 0.4534883720968979 1 0
78 0.3837209302366913 1 0
79 0.3139534883764843 1 0
80 0.2441860465162775 1 0
81 0.1744186046560707 1 0
82 0.104651162795864 1 0
83 0.03488372093565717 1 0
84 -0.03488372092480807 1 0
85 -0.1046511627855313 1 0
86 -0.1744186046462546 1 0
87 -0.2441860465069781 1 0
88 -0.3139534883677018 1 0
89 -0.3837209302284252 1 0
90 -0.4534883720891485 1 0
91 -0.5232558139498718 1 0
92 -0.5930232558105955 1 0
93 -0.6627906976713192 1 0
94 -0.7325581395320424 1 0
95 -0.8023255813927652 1 0
96 -0.8720930232534889 1 0
97 -0.9418604651142122 1 0
98 -1.011627906974936 1 0
99 -1.08139534883566 1 0
100 -1.151162790696382 1 0
101 -1.220930232557106 1 0
102 -1.29069767441783 1 0
103 -1.360465116278553 1 0
104 -1.430232558139276 1 0
105 -1.5 0.9333333333330559 0
106 -1.5 0.8666666666662043 0
107 -1.5 0.8000000000000004 0
108 -1.5 0.7333333333337964 0
109 -1.5 0.6666666666675922 0
110 -1.5 0.6000000000013881 0
111 -1.5 0.5333333333351838 0
112 -1.5 0.4666666666686096 0
113 -1.5 0.4000000000016655 0
114 -1.5 0.3333333333347211 0
115 -1.5 0.2666666666677769 0
116 -1.5 0.2000000000008327 0
117 -1.5 0.1333333333338885 0
118 -1.5 0.06666666666694432 0
119 0.9943506389566897 0.0569045419995152 0
120 -1.000000000002591 0.05773502691880238 0
121 0.599399033027542 0.0590019287353393 0
122 -0.5980167126324736 0.05588278905253286 0
123 0.7703031822055115 0.9319557482757652 0
124 -0.7674455112966111 0.9411745031571342 0
125 0.4186046511667946 0.9395796229920073 0
126 -0.42110789663974 0.9408047309756006 0
127 -1.442264973081278 0.5000000000018967 0
128 1.433043989621374 0.5036890142210977 0
129 0.1462333234167219 0.142459483408095 0
130 -0.1424485503749611 0.1469692978861199 0
131 0.003913713694756344 0.9420401775799087 0
132 -0.3513441794365449 0.09899118063840404 0
133 0.3471478466364307 0.09696018810393012 0
134 -1.044488625608446 0.9389234443070382 0
135 1.046864684880826 0.9405648012411167 0
136 0.2137833488863631 0.951307761091802 0
137 -0.2122435836407072 0.9262742374523256 0
138 -0.8017140845650267 0.0659303191776149 0
139 0.7975952594893219 0.06286003942830307 0
140 -1.431998630474186 0.2969462924092915 0
141 1.201470335547466 0.05369065584551652 0
142 -1.43979084802705 0.6995908615778897 0
143 1.441582542516713 0.6927366028924408 0
144 1.445142721485206 0.3006661639928123 0
145 -1.188776481399591 0.05151010286468936 0
146 1.436457443960069e-09 0.158101831101499 0
147 -1.259473788243154 0.9425230174844794 0
148 1.254112561512303 0.9438436554690948 0
149 -0.9051914025764859 0.940674988808 0
150 0.9069767441882421 0.939579622992007 0
151 -0.6279069767409573 0.9395796229915596 0
152 0.6184204121698149 0.9418814569631975 0
153 -1.443226692034321 0.1629278396743579 0
154 1.331978902169849 0.05319419137363163 0
155 -1.44382857729271 0.8349070815443908 0
156 1.439496270789443 0.8329731422398365 0
157 0.47586615948751 0.0536915245357743 0
158 -0.4768479938715651 0.06551249623200842 0
159 1.447452307171988 0.1666666666663142 0
160 -1.333994929325946 0.05985285960008832 0
161 -1.399233182664329 0.9423893670531716 0
162 1.392173237414129 0.9358774005409697 0
163 -0.07408998263601793 0.1551679084836223 0
164 -0.1168530513961266 0.2100990763025034 0
165 -0.1868423746585944 0.2003816772405574 0
166 -0.1589529508396884 0.2643500634822736 0
167 -0.2283227609080977 0.2546751778072139 0
168 -0.1997783869872154 0.3186416192702252 0
169 -0.2676448948244126 0.3104373995450741 0
170 -0.1314172836600796 0.3271250619115808 0
171 -0.2403513296165388 0.3735166906646446 0
172 -0.3082149863316473 0.3653574743395646 0
173 -0.2812683381338052 0.428279273825642 0
174 -0.3493917431152791 0.4200887858447567 0
175 -0.3224564661742205 0.4830868826001921 0
176 -0.3905097331354437 0.4748009837862897 0
177 -0.2542536687533238 0.4912939557415724 0
178 -0.4174181085291041 0.4118633073909574 0
179 -0.4585115537725317 0.4665602073904035 0
180 -0.4852597192387803 0.4036272932893228 0
181 -0.5263791159021322 0.4582585289774009 0
182 -0.4996317589811649 0.5212539674715735 0
183 -0.5675589022769238 0.512909014280914 0
184 -0.5942974555199144 0.4499684441091722 0
185 -0.6354354955102957 0.5045509395704798 0
186 -0.662169808016537 0.4416916654276173 0
187 -0.7032326419621487 0.4961934817186631 0
188 -0.7298438801809894 0.433414447006004 0
189 -0.7709366096463064 0.4878359472344436 0
190 -0.7975022770228395 0.4251447109435761 0
191 -0.8385188377294807 0.47933190538503 0
192 -0.8651173652255253 0.4168455737023165 0
193 -0.9059938700184068 0.4708832535094892 0
194 -0.9325394277507235 0.408720257106878 0
195 -0.9733339184184665 0.4626830491092315 0
196 -0.9998014917997075 0.4005505311326443 0
197 -1.040559801093769 0.4544555071765435 0
198 -1.014091049476021 0.5167555851113068 0
199 -0.2954952575184036 0.5462074778012251 0
200 -0.2272692728377732 0.5544700537517884 0
201 -1.067000671704045 0.3922968318275136 0
202 -0.8119730869208452 0.5419827159369957 0
203 -1.081374259920153 0.5084900392946625 0
204 -0.5408264967644207 0.5759981812966777 0
205 -1.054883197587796 0.5708878291963738 0
206 -1.122185076781914 0.5624992326629606 0
207 -0.2685416354386638 0.6095147840511831 0
208 -0.2002350332461544 0.6177851812519288 0
209 -0.158928513057585 0.5626599048922194 0
210 -0.1318388348510353 0.6260146045635676 0
211 -0.09042703753336058 0.5708474725091464 0
212 -0.06338945077331279 0.634227482926002 0
213 -0.02203529722697757 0.5790230280901095 0
214 0.005095311449056511 0.6424486752152767 0
215 0.04645072219378595 0.5872343418341652 0
216 0.07358300154648099 0.650662959090525 0
217 0.1148796259366722 0.5954403526357435 0
218 0.08782551026127314 0.5321076185064579 0
219 0.1561524474145259 0.5403080839124237 0
220 0.1832535445507787 0.6035936463940186 0
221 0.2244788021139643 0.5484925452961047 0
222 0.2515850767893785 0.6117222635667409 0
223 0.2927467270894804 0.5566268935031033 0
224 0.2656410484801461 0.493482210300747 0
225 0.3338196743369881 0.5016508753253071 0
226 0.3608601080840475 0.5647047459554111 0
227 0.4018679995489075 0.5102461446756039 0
228 0.4289384807428205 0.5728385597799314 0
229 0.4699562939915102 0.5181184662170364 0
230 0.4969900238595338 0.5808934932966153 0
231 0.5379587892532676 0.5264674504961238 0
232 0.5650409506303979 0.5890351214077394 0
233 0.6059836858938201 0.5341493452469815 0
234 0.5790322488290969 0.4711569419339093 0
235 0.6469472819459066 0.4792447360987548 0
236 0.6739097158572314 0.5420317536876574 0
237 0.7148469562636907 0.4872275492946607 0
238 0.7417649334151549 0.5499836967761371 0
239 0.7826457609199516 0.4952083507000508 0
240 0.8096106466351825 0.5578969437318616 0
241 0.8504930108986516 0.503212475069638 0
242 0.8774130693008468 0.5658373349315874 0
243 0.9181776387752669 0.5112642468800787 0
244 0.9451157150479436 0.5737760285187067 0
245 0.9857925903727411 0.5192673959911489 0
246 1.012709774568464 0.5817555549079665 0
247 0.8913846103499028 0.448697490214356 0
248 1.053321622089911 0.5272939319855188 0
249 1.080190581830027 0.5896520943384445 0
250 0.6879679661717373 0.4245142992104972 0
251 0.3763261439010692 0.4476792184828877 0
252 -0.6884049554111855 0.3787874153737082 0
253 1.120744000524744 0.535293970444475 0
254 1.094024502844206 0.4730308169268436 0
255 -1.095822275645338 0.6250286800826407 0
256 -1.028284848349625 0.6334298419523414 0
257 1.147580439397009 0.5975717878578535 0
258 0.7692503793747011 0.6128588387077558 0
259 -0.8917454896114574 0.3544198662404597 0
260 0.5239506861456252 0.6439208772484806 0
261 0.9723347676799966 0.6361562677084432 0
262 1.161155723765649 0.4810518201614684 0
263 1.134472743574068 0.4190063019400921 0
264 0.1290771840404041 0.4770524540326362 0
265 -1.148537393760309 0.5002048276332151 0
266 -0.6765739005150585 0.5589200567455983 0
267 0.3879273681103876 0.6277102669711344 0
268 -1.189296392105359 0.554044043425342 0
269 1.107093750440321 0.6519472689739541 0
270 1.174602433286898 0.6598884581511264 0
271 -1.02553478199499 0.3383200190186223 0
272 -1.093230390842568 0.3300891455106937 0
273 1.201455524971756 0.4269780827057748 0
274 1.17485141425845 0.3650870299527471 0
275 1.107955122361575 0.357075105834267 0
276 -0.4443138096604911 0.349057249557048 0
277 -0.1046827616611427 0.6893947779267761 0
278 0.2103901514392295 0.6668585245966446 0
279 -0.2415528429286817 0.6729478562686501 0
280 -0.3098528355191043 0.6645127130326837 0
281 -1.215529731828594 0.4918430455035107 0
282 1.148308903775648 0.3032339415387694 0
283 1.081545365592414 0.2952284260668945 0
284 -1.069350050301443 0.6877590807665391 0
285 -1.136805216850574 0.6791939381002182 0
286 -1.001640551968837 0.6961855204527918 0
287 1.214915255807817 0.6054024778263568 0
288 1.133943623925928 0.7143891333299304 0
289 1.201645925284835 0.722325199080015 0
290 1.215098655379206 0.311228370710276 0
291 0.06083395064079775 0.4688479293949042 0
292 0.1020080934333217 0.4138871648968546 0
293 -0.2830283207263528 0.7281441680130127 0
294 -0.3514270565977973 0.7197360662370428 0
295 0.0322153162302778 0.7059423098151152 0
296 -1.052076365320303 0.276228067060616 0
297 -1.119487534599902 0.2681362133989052 0
298 -0.5119044957222764 0.3408213587825311 0
299 -0.471113761819442 0.2864324488976112 0
300 -0.5385132811798117 0.2782120500708108 0
301 -1.160063225222407 0.3218638262030552 0
302 -1.186165806032693 0.2599768530999054 0
303 -1.226599030501706 0.313537344034069 0
304 0.5921898365987271 0.6520393221717661 0
305 0.5509711366868908 0.7071152058160419 0
306 0.6194394410507233 0.7152335988435325 0
307 -1.2562066435136 0.5455993586782635 0
308 -1.110492722964708 0.7421187246043935 0
309 -1.178050635144994 0.733575000407055 0
310 -1.252748317809683 0.2518542833710238 0
311 1.160867126357846 0.7770335033826909 0
312 1.093281911387748 0.7689067487295058 0
313 1.121806023566398 0.24145763154742 0
314 1.055114905500003 0.2334506834708805 0
315 1.014810681489799 0.2872453962922113 0
316 0.9881649851668677 0.2272250959240079 0
317 0.9480083859103912 0.2794416759569801 0
318 0.9212920795100219 0.2195320308331156 0
319 0.8811878260234089 0.271353771846366 0
320 -0.3242036010427653 0.7811654426224638 0
321 -0.3926412496866295 0.7743535191498884 0
322 -1.282362379416617 0.4835647151209035 0
323 -1.151660292822733 0.7966020795991895 0
324 -1.219444988074576 0.7880724888520823 0
325 -1.245440046367893 0.7249054937380863 0
326 -1.078943725872615 0.214477284392709 0
327 -1.012368669642682 0.2225615206667363 0
328 0.03385546359100242 0.4056819328800111 0
329 0.07504041538641026 0.3508165034379816 0
330 0.1430884937263788 0.3589743685587607 0
331 -0.4727324035493458 0.5843520889601743 0
332 -0.5140162094701101 0.639201033873412 0
333 -0.1173987494595253 0.5075279261607517 0
334 0.5781656439544278 0.7704619398715984 0
335 0.5095867025433506 0.762301335048526 0
336 0.6467044487929524 0.7785609087023865 0
337 -0.9605174146299246 0.64159882969402 0
338 -0.9336704097930844 0.7045050335170593 0
339 -0.9749513659821043 0.7592320387224698 0
340 -0.906631178976059 0.7658885143391321 0
341 -0.86545561244547 0.7124503035237444 0
342 -0.8383240546966088 0.7739161192996058 0
343 -0.7971469272839259 0.720616914019913 0
344 -0.7701614775641088 0.7840013640379301 0
345 -0.7287627182560127 0.7291766225831614 0
346 1.228633618281517 0.7848533046898895 0
347 1.269302354078692 0.7302210802522607 0
348 1.095377734575224 0.179744060349885 0
349 0.8541892723341515 0.2136350511310018 0
350 0.8142686280111456 0.2638470481678973 0
351 0.7872665266695762 0.2060596253830395 0
352 0.7473841089890456 0.2558975189712979 0
353 0.7208357188210568 0.1942739170467819 0
354 0.6805728300739876 0.2472858853400647 0
355 -0.2948134312408708 0.2466883332233229 0
356 -0.7017309534031446 0.7926968306787328 0
357 -0.66077837805255 0.7377965721944727 0
358 -0.2557138535508908 0.7914209012142399 0
359 -1.287035562108254 0.7794879990129027 0
360 0.5368255482097175 0.8258259329348084 0
361 1.161940073427508 0.187707021373134 0
362 -0.4977773397822761 0.2239846307346331 0
363 -0.5650424467919435 0.215877310496245 0
364 -0.633271865324098 0.8011742176376633 0
365 0.8903978167496071 0.1578896994780808 0
366 -1.293077699136957 0.3053434706757017 0
367 1.296333637134543 0.792642958401649 0
368 0.1161603813204153 0.2959875308900404 0
369 0.1841072827093842 0.3041721369695859 0
370 0.6540607305643409 0.1855436053778339 0
371 0.6137072943870533 0.2390500735785225 0
372 0.5871851271811419 0.1773481331844559 0
373 0.5467260660782347 0.2312309840953181 0
374 0.5728158550781586 0.2926725525504301 0
375 0.506084855246402 0.285259234896899 0
376 0.4796012591183335 0.2231255650588398 0
377 0.4381666516498914 0.2771917359348147 0
378 0.4654232238737795 0.3396185607368478 0
379 -1.319184787844283 0.2436919584756844 0
380 -1.278928970529306 0.1902589717336771 0
381 0.7728692083954847 0.3167087325327386 0
382 0.04836549359726824 0.288083036154667 0
383 -0.6056915419718645 0.2699498788971836 0
384 -0.6321323485265099 0.2077390935493198 0
385 -0.4304285421692611 0.2320820773584435 0
386 0.9741207759472151 0.3408706877600372 0
387 0.4681458190135349 0.8176013496254577 0
388 -0.2917712711176508 0.8405149137286113 0
389 -0.6727550451930819 0.2616680320228494 0
390 -0.6991353801971831 0.1995825578415455 0
391 -0.7397340534908176 0.2534347156216864 0
392 -0.7660613615449572 0.1914289270513037 0
393 -0.8065952212165237 0.2452268073336266 0
394 -0.832906348361852 0.1832832263851848 0
395 -0.873405390200419 0.2370258716404012 0
396 -0.9006265186907862 0.1754649905006556 0
397 0.2111485083844513 0.3671487732981265 0
398 0.2519825878569908 0.3123153661111823 0
399 0.2249371123513157 0.250683821618732 0
400 0.2939161534240028 0.2583307112209514 0
401 0.3197250228988318 0.3203070243238558 0
402 1.228127601635917 0.4888682038471862 0
403 1.268324521082286 0.4348781471041916 0
404 1.29493227074896 0.496589433167872 0
405 0.1007464200540439 0.7141073436238258 0
406 0.05938616443474208 0.7694990708926535 0
407 0.1279741763036065 0.7776233712985008 0
408 0.2788048904327138 0.675020527226005 0
409 1.333112369374947 0.4435680065307278 0
410 1.308179877760602 0.3812763716220102 0
411 -0.009055809758869502 0.7611512268942354 0
412 0.6878545517362392 0.723318537686181 0
413 0.7148066877704142 0.7903843924918715 0
414 0.7563511180357995 0.7320007004763005 0
415 0.7832717531492961 0.7991690959762874 0
416 0.824975997534289 0.7402713597059634 0
417 0.8520380362458353 0.805301128872844 0
418 0.0866133031291997 0.8330653250134612 0
419 0.8935827205888993 0.7474351990474674 0
420 0.9205815797495296 0.8128694864822555 0
421 0.237534118280647 0.7302812267593859 0
422 0.3058805893870218 0.7383451010101605 0
423 0.264764739012458 0.7938174988859092 0
424 -1.083731812105777 0.8051340080304875 0
425 0.4414128831551138 0.7539236788653528 0
426 0.3329999691914501 0.8016365283948376 0
427 0.4123716220000097 0.2149946531908354 0
428 -1.322460349863984 0.5376361983159367 0
429 -1.296772029221623 0.5992951678310977 0
430 -1.362969320243963 0.5913235102258945 0
431 -1.337574354986601 0.6529112870287658 0
432 -0.7567119038500822 0.6660992947523361 0
433 -0.5816928402608186 0.6295081809431053 0
434 -0.5930935661283394 0.746234911341813 0
435 -0.5648130492286481 0.8095820372309741 0
436 -0.5243691570068219 0.7544683496572193 0
437 0.9609838479843495 0.7548922245395604 0
438 0.9878495840021744 0.8174717189791074 0
439 0.2670916621860909 0.1865805717977106 0
440 0.694517174721306 0.1302506325863817 0
441 1.120846952797013 0.8297371675930745 0
442 -0.4969017632915977 0.8190193319913287 0
443 -0.949494181425254 0.8198330271190362 0
444 -1.125111288483221 0.8599057773099109 0
445 -0.7259940981302238 0.1416242473087465 0
446 0.2937320035804346 0.8567046241041014 0
447 -0.5349507757919898 0.8744424631178769 0
448 -0.7802947734997377 0.3072838795959656 0
449 -1.266957987279452 0.3670313651716376 0
450 -1.332065920473192 0.3585011325978187 0
451 -0.007376336427445729 0.4606263865963058 0
452 -0.03426755998487847 0.3974589935701414 0
453 -1.174751281054936 0.4378563610450233 0
454 0.8654353476259669 0.6839053053660621 0
455 1.379194223859966 0.3908481614540549 0
456 1.346176144037335 0.3267224268713792 0
457 -0.4457664431023423 0.6475628770955167 0
458 -0.4046986400929165 0.5926329470210141 0
459 1.334946305425116 0.7367599759638368 0
460 1.309359985479896 0.6753914257616345 0
461 -1.038860065734189 0.1624218559751774 0
462 -1.105276603725931 0.1530260868825911 0
463 0.1539134984114379 0.8394848343926077 0
464 -0.8174846764636615 0.8334324722317877 0
465 -0.4573975100002292 0.1719572342163307 0
466 -0.04759339130075122 0.2192634313198934 0
467 -1.346067062594543 0.475764276356367 0
468 0.6739887446662247 0.8420540190800418 0
469 0.08925960711020058 0.2330436557532527 0
470 -1.342623186152389 0.1841241775620809 0
471 0.1132911812192814 0.8911851539970637 0
472 0.4509086372520608 0.1599763770547682 0
473 0.4997513792660702 0.882083906054843 0
474 1.135508569030484 0.1260760430049713 0
475 -0.5919042409251806 0.1567918270745159 0
476 -0.6799444310187691 0.8517713689007349 0
477 -1.260592857334126 0.8407942436410754 0
478 -1.329996522502704 0.8260074692562618 0
479 -1.34944925380547 0.7644965705178906 0
480 -0.3903016275041682 0.1742509933795344 0
481 1.072362903864708 0.1179441841969203 0
482 0.3656208721989752 0.8785029881839813 0
483 0.8105408015881661 0.8662828522344324 0
484 1.255922790917395 0.8461554739666323 0
485 1.323387482975442 0.8536595797115942 0
486 -0.8592973462298469 0.1214272294046401 0
487 -0.9295672189677768 0.1100649318819901 0
488 -1.382760903555663 0.2402104066757783 0
489 -0.228362419296927 0.8522538951738265 0
490 -0.1869645944309279 0.7994911160410145 0
491 -0.1596096267822719 0.8638277554619043 0
492 -0.1184484022496012 0.8081780643434675 0
493 -0.09203589079095445 0.8729233408576249 0
494 1.361587002258534 0.5043524681609179 0
495 1.321546532331188 0.5581725397584881 0
496 1.388030616674092 0.5633766204159643 0
497 1.201740516995289 0.1359135615163309 0
498 1.228389779119148 0.1958461191574489 0
499 1.267990185664156 0.1451099689516167 0
500 1.294717957502703 0.2038689540835711 0
501 1.331116773368919 0.1498029455906061 0
502 1.355386970461294 0.2037169763190846 0
503 -1.056959550705735 0.1041656545401705 0
504 0.333669982548299 0.2030743250651324 0
505 0.3951235424148962 0.3308771597702159 0
506 0.07422284499328478 0.1636618016557436 0
507 0.5754681342445513 0.8861069238698633 0
508 -1.30538814996116 0.1273279628040575 0
509 -1.239398194567444 0.1398305895049833 0
510 -1.380960559715176 0.1263137983822734 0
511 -1.13198509884119 0.09184209102608699 0
512 -0.2131191428563745 0.1333152651289758 0
513 0.3170448880675776 0.9228124746703308 0
514 0.9477202631020444 0.8766977208814508 0
515 -0.1360140065030506 0.9334812847717052 0
516 -0.461584083886829 0.8815024619245069 0
517 -0.2818494739042095 0.116699762783143 0
518 0.2158922268694967 0.1314370030879738 0
519 0.2799902601764743 0.1187360114999186 0
520 -0.9412426432926104 0.2292936803019689 0
521 0.4248791600572224 0.3940324171693453 0
522 0.4898521927974537 0.4020331865059877 0
523 -1.257445126965101 0.06924149216479733 0
524 -1.056824882988365 0.8684786574928497 0
525 -1.401662733636315 0.05738576656849839 0
526 -0.4226897338366627 0.1155900217860566 0
527 0.02160765694581278 0.2242927602386378 0
528 1.319750321325209 0.263558556886238 0
529 -0.6464086591529207 0.3238678923343646 0
530 -0.3633780978040916 0.2361409243276979 0
531 -0.9703641660342395 0.1694188531870416 0
532 -0.9813046335403833 0.2836871776153241 0
533 -0.2551240632863048 0.1864129076219583 0
534 -1.332685364990705 0.9396268634926983 0
535 1.321847324253887 0.9450185281897171 0
536 -1.271191175845578 0.6619602490536859 0
537 -1.308310735877768 0.4217182642754438 0
538 -1.380180994758915 0.4098064378902165 0
539 -1.172696971057515 0.1492774411168031 0
540 1.241903153361899 0.6675306282667505 0
541 -0.07580914739208706 0.4524521639634353 0
542 1.280976995696123 0.3187932381425304 0
543 0.9590951385938544 0.4568651022630648 0
544 1.026710981043902 0.4650444428903924 0
545 0.9329794690445232 0.3946326607326982 0
546 0.8653489767999692 0.3863559042243176 0
547 0.8241170044897942 0.4407884192238208 0
548 0.7561219848496774 0.4323350614306217 0
549 0.7306649647058938 0.3703355812510332 0
550 0.6639449437037382 0.3619288455342324 0
551 -0.6590414703730557 0.1495817645600916 0
552 -0.6926165632276305 0.08588330661512317 0
553 0.6219188359845012 0.4162647865919342 0
554 -0.3764317114800246 0.3571904517459952 0
555 -1.241642311819035 0.4294869943357558 0
556 -1.311333886364541 0.7146833966565302 0
557 -0.7917640940609014 0.1306338232544792 0
558 1.348131536133713 0.6197956013728643 0
559 1.411226785972942 0.6266011058192797 0
560 -0.9706381881013059 0.9399220922358579 0
561 0.9768768521649673 0.939656217810091 0
562 0.8790497576833252 0.8732829111879932 0
563 0.8402148483868858 0.9351835224483662 0
564 0.7406206003694551 0.8677992871623721 0
565 0.690424625812421 0.9238052316578831 0
566 -0.5248234331588142 0.1651933473916352 0
567 -0.335280880258577 0.3025511104499906 0
568 0.7971890977169471 0.6762043019925031 0
569 -1.190738455973417 0.9441990535650082 0
570 -1.116236108976198 0.9292659419723691 0
571 1.184592525318489 0.9433775339797195 0
572 1.115349721709871 0.9423469590806796 0
573 0.7702281220080621 0.1377871549758365 0
574 0.7340914275098911 0.07325906844756255 0
575 0.8358124386667067 0.1143282888202057 0
576 0.8948142581464573 0.08213461298904487 0
577 0.9492289704539272 0.1118583522551606 0
578 0.6648389690618035 0.06434213659775938 0
579 -0.5530552487913279 0.3953777763177422 0
580 -0.8242319146400784 0.3625257682667948 0
581 -0.8369270253780027 0.9427507702263802 0
582 -0.8619734338535958 0.8862751222998837 0
583 -0.6205917581738438 0.3870176118720382 0
584 0.1973521953834232 0.4852819016587513 0
585 0.238660691311382 0.4303672666617881 0
586 0.3068919560514696 0.4386993609575139 0
587 0.3479951762561919 0.3839173597261339 0
588 0.3654954958226551 0.2674626015843009 0
589 0.6268206234507849 0.1219846324587688 0
590 0.5609022841653759 0.1169104430766546 0
591 -1.107794145296327 0.4462152918135305 0
592 -1.400862240465694 0.6440054598499656 0
593 -1.434146334611634 0.5779929462235966 0
594 -1.133904986625367 0.3839185703659154 0
595 1.187891449793382 0.5431087788898552 0
596 -0.8250013749267584 0.6578907288090624 0
597 -0.697629440455915 0.9416634760754095 0
598 -1.163007106489122 0.6164299409200941 0
599 0.1566843549097158 0.2455923168141728 0
600 -0.6886989550336058 0.6745150850061856 0
601 -0.8928950559075368 0.6497258153925622 0
602 -0.9200491390582456 0.5872433912208725 0
603 -1.359518855222398 0.2971564308537202 0
604 0.5195999197791132 0.1713894869383023 0
605 1.030153969099469 0.1747806605978723 0
606 1.373116336785711 0.6815266149178154 0
607 0.2794006571265528 0.3754591918464334 0
608 -0.1859852370439258 0.4993844586453904 0
609 -0.1444705051660076 0.444382014093903 0
610 0.007453460073527421 0.3429956947589628 0
611 -0.06180130834332043 0.3353163109369371 0
612 1.373847566195006 0.7981790382242325 0
613 0.1702225277132268 0.4221186548511529 0
614 1.188410152877304 0.2493787246385177 0
615 -1.145848827580376 0.2072103535065655 0
616 -0.282823520845345 0.9426377711554859 0
617 -0.3498601609816318 0.9435324475267657 0
618 -0.3897302449208545 0.8866858492178202 0
619 1.067529618877598 0.410998936192068 0
620 0.6330574451145462 0.5969916182846997 0
621 -1.212631181262836 0.1997347487221597 0
622 1.24148116485807 0.3730402067062549 0
623 -0.7562640216418254 0.3707815137188392 0
624 0.6605187883232575 0.6600659973102728 0
625 1.444342363196387 0.1002824912851998 0
626 1.268815024026269 0.05190098402101025 0
627 1.447581957283625 0.234110524658597 0
628 0.01949928734014359 0.5239158293101362 0
629 1.131503531370733 0.06228110068601021 0
630 1.442264973081204 0.3666666666657377 0
631 -1.441064521951557 0.3689778717029249 0
632 -0.1033727312877646 0.3897004200944006 0
633 -0.5583072767877499 0.9396764688270185 0
634 1.440783248629833 0.4305647419822372 0
635 -1.44226497308101 0.4333333333351374 0
636 0.482801813212525 0.6988643740337253 0
637 -0.04892454678320877 0.5157321344383141 0
638 -0.9147951575698865 0.2912583195615984 0
639 -0.2142829300587745 0.736424064487351 0
640 -0.7443019517855112 0.5503797164983258 0
641 0.531299450375387 0.346721238577396 0
642 -0.2131332769823026 0.4363873948435931 0
643 0.1419807160771606 0.6587968975752412 0
644 -0.4188267243386213 0.710126911627829 0
645 -0.6086181138173941 0.5669249571993291 0
646 -0.03622944793486325 0.6976330379008233 0
647 -0.4034911338653145 0.2939090437227977 0
648 -0.8478267191287778 0.2992895940151158 0
649 -1.445423831920395 0.7713567760386071 0
650 1.039670855438915 0.6440954576283566 0
651 -0.5792144221511779 0.3324124776696251 0
652 0.01813883137828325 0.8241844612301953 0
653 -0.7133745368640867 0.3154849094627947 0
654 1.254831869388154 0.5506203754408532 0
655 0.3197603656149732 0.6197461738393135 0
656 0.3469151348806134 0.6829108454668582 0
657 -0.4316416932329284 0.5295497112293456 0
658 0.7011765330403066 0.6050127886601285 0
659 -0.1731059468187754 0.6811914237234344 0
660 -0.6088532936650708 0.8743825558574823 0
661 0.6075738539880954 0.8309926390970839 0
662 1.254557310316615 0.2571123272697636 0
663 1.041119588856883 0.3490425253432476 0
664 -0.7507075776311469 0.8428150152320808 0
665 -1.192817531473392 0.8494987289348918 0
666 -0.9873925801520874 0.5791834307183032 0
667 1.442264973080885 0.7666666666660517 0
668 0.4559599776415744 0.6357123558772561 0
669 -1.042736123552461 0.7506521816853132 0
670 -1.230054275018656 0.6079177563134157 0
671 0.1691803867986913 0.7221879215372768 0
672 -1.200653137083817 0.3756157435259094 0
673 1.188329242055934 0.8368998920807702 0
674 -0.3635766598624329 0.5377830655243818 0
675 0.7287234113712084 0.6682435274721903 0
676 1.066838808515824 0.7062511824027818 0
677 1.281781388750444 0.6128188414044911 0
678 -1.204091409286136 0.6706637297554259 0
679 -0.1458406547190684 0.7445522001915964 0
680 -0.1720872522833181 0.3816255334797245 0
681 -0.3365296634318723 0.6010659300284519 0
682 -0.9467202010650025 0.5249301785181988 0
683 -0.07737787894344209 0.7528680836482993 0
684 0.1961900199447086 0.7854058725434634 0
685 -0.9586094509054628 0.3467035819698661 0
686 1.000082802589905 0.6985946439907873 0
687 -0.3778527030668425 0.6558298128738492 0
688 0.8368622303393239 0.620461393721319 0
689 1.000259262060663 0.4029090591969181 0
690 0.9048439681161069 0.6283546827947581 0
691 0.2240159896819333 0.8464601717257729 0
692 -1.016208464476697 0.8129825466829139 0
693 0.4219599111001208 0.09002104453227935 0
694 0.3821794925537538 0.1521803249213177 0
695 0.4147665643341419 0.6908070175381692 0
696 0.04475063114750564 0.8857243910482838 0
697 -0.8793942427692278 0.5332610906462916 0
698 -0.05033330579447191 0.8160867860917393 0
699 0.9071039079610224 0.3327994263774113 0
700 0.8402182695248986 0.324753163742671 0
701 0.3738168406521528 0.7460540127117803 0
702 -0.8526184772243761 0.5954774629525722 0
703 -0.8762075527392987 0.05823692017892046 0
704 0.7984606006411943 0.3787298612704 0
705 0.4017095747556976 0.8116775138954988 0
706 -0.06448195861863923 0.9376100571309754 0
707 -0.5471938809301958 0.1025767952718586 0
708 -0.7846995666838416 0.6038917109525288 0
709 0.4369084456908542 0.8772185122098338 0
710 0.9328772424308706 0.6915563872411796 0
711 0.7063488683764119 0.3082990375287114 0
712 0.6390781656262151 0.3004303362436281 0
713 -0.7167678875741578 0.6122448723856958 0
714 0.5106927329505097 0.4656933613142556 0
715 0.4434134660574204 0.4573264245625174 0
716 1.014690506723283 0.8807111274607384 0
717 -1.372741379025366 0.704010262852393 0
718 -0.649328476165913 0.6203313380176789 0
719 1.389001574751438 0.2660154260085948 0
720 -0.08895373798508445 0.2729544169965253 0
721 1.027466258770029 0.7609210048261339 0
722 -0.6215750486505229 0.683369784938654 0
723 -0.9895124208062236 0.8745653670473272 0
724 -0.5539843404837614 0.6917077708743795 0
725 -0.01928243913117198 0.2807952130557067 0
726 -0.02334132983058672 0.8797615356564545 0
727 -0.3257971961496817 0.1667172295485367 0
728 1.054278694307945 0.8232770289898139 0
729 1.061636099428498 0.0566691224849794 0
730 -0.486517929066141 0.699727126868159 0
731 -1.385345682347454 0.5267086972067203 0
732 0.5975997706477644 0.3542360055570042 0
733 1.396465222068883 0.06243499794675019 0
734 -1.444685695824609 0.8980465476166457 0
735 -1.379800034362815 0.8740655641315295 0
736 1.443730231952508 0.8974620971878441 0
737 1.387053428773723 0.8666759668898235 0
738 0.5550658719307855 0.4093509200800812 0
739 1.08335978895459 0.8838848479798203 0
740 -0.4578037407137249 0.7647459648105751 0
741 -0.4921157031908881 0.9394043541408337 0
742 -0.427285992527134 0.8268068077309271 0
743 -1.445814151128229 0.1006349917385445 0
744 -1.442270329245858 0.2254602421412709 0
745 0.4883720930270014 0.9455584603910151 0
746 -0.9344882876762288 0.04520737579594259 0
747 -0.7431695945777383 0.05029990109917033 0
748 0.07517006789165888 0.9440500045463543 0
749 0.1898376760651309 0.192108097304974 0
750 1.449338980677995 0.5767222345199594 0
751 0.5393496291391131 0.054261516916649 0
752 0.9410121068450631 0.05017950144874414 0
753 1.391754530173114 0.1370507041013136 0
754 1.151509489550329 0.8877403165306099 0
755 1.011390957590717 0.1154092561143675 0
756 -0.9991502002889062 0.1207612645006364 0
757 0.5497151814136423 0.9426051245464865 0
758 0.9617823725830114 0.1726024654254308 0
759 -1.299174005384083 0.8854438242018526 0
760 -0.8801074575564439 0.8220681636405598 0
761 0.2504081053018515 0.9051852422868439 0
762 0.1426861665996096 0.9468702133824818 0
763 -0.9261528473865513 0.8805564601917772 0
764 -1.38896578457605 0.3462776330907944 0
765 -0.5333333333335183 0.0461133784820381 0
766 1.389958645425082 0.4551850476919376 0
767 1.218940042086152 0.8914234554806044 0
768 0.4940534867421633 0.1111475475045112 0
769 1.393151544800686 0.7351737797328753 0
770 -0.4857905103594934 0.1241659789795779 0
771 -0.3565853836388707 0.834670783146788 0
772 -1.075935219370505 0.04886973722176952 0
773 0.6331751541762215 0.8849680541336138 0
774 0.3244663501910141 0.1498160364261859 0
775 -1.390989318397822 0.8032012438286659 0
776 0.1830163816834128 0.8967488961460953 0
777 -0.798380138104676 0.8930975866736103 0
778 -1.456096133607908 0.6355363198291821 0
779 -0.619982701614453 0.1078583469005464 0
780 1.30123939283308 0.1014014422164621 0
781 -1.230093697815732 0.8911711958554678 0
782 0.8525282481391168 0.04957220717557852 0
783 1.287167451498744 0.8961699747104432 0
784 1.401201288185835 0.3333333333324981 0
785 -1.40123184752004 0.4666666666686831 0
786 0.1281873766574447 0.1958953871031597 0
787 1.450514608063468 0.9511541617076871 0
788 -1.454830287325643 0.9547538496005746 0
789 -0.4105241613025393 0.06272186133487273 0
790 1.451196612828832 0.04880338717115548 0
791 -1.451601567914514 0.04839843208566465 0
792 -0.3224494308086184 0.8899187826481658 0
793 -1.132672693256405 0.03844438622250917 0
794 0.3640237602628201 0.9489401464398008 0
795 0.2733582409072635 0.9574710380716358 0
796 -0.7279655712801473 0.8969457319384033 0
797 -0.6495996740570269 0.04788139414131597 0
798 -1.39563574941098 0.1860102474195882 0
799 1.236795337434241 0.09827405923447041 0
800 -1.165771240691589 0.8937330134838579 0
801 1.46373249179956 0.633333333332367 0
802 1.350510964122769 0.1007768562457527 0
803 -1.19961029730877 0.1031951614796145 0
804 -0.2675300451418496 0.8903199200316829 0
805 0.8265233355558774 0.1682722302234949 0
806 1.407771620481564 0.1999999999995548 0
807 -1.397437690502838 0.748374001483316 0
808 -0.7538617549713229 0.09843339110146665 0
809 1.345494138745193 0.8982258567529217 0
810 -0.6642575598420239 0.9035189860512781 0
811 1.172726132320807 0.09659732325972198 0
$EndNodes
$Elements
1620
1 1 2 3 1 1 7
2 1 2 3 1 7 8
3 1 2 3 1 8 9
4 1 2 3 1 9 10
5 1 2 3 1 10 11
6 1 2 3 1 11 12
7 1 2 3 1 12 13
8 1 2 3 1 13 14
9 1 2 3 1 14 15
10 1 2 3 1 15 16
11 1 2 3 1 16 17
12 1 2 3 1 17 18
13 1 2 3 1 18 19
14 1 2 3 1 19 20
15 1 2 3 1 20 2
16 1 2 3 2 2 21
17 1 2 3 2 21 22
18 1 2 3 2 22 23
19 1 2 3 2 23 24
20 1 2 3 2 24 25
21 1 2 3 2 25 26
22 1 2 3 2 26 27
23 1 2 3 2 27 28
24 1 2 3 2 28 29
25 1 2 3 2 29 30
26 1 2 3 2 30 31
27 1 2 3 2 31 32
28 1 2 3 2 32 33
29 1 2 3 2 33 34
30 1 2 3 2 34 3
31 1 2 3 3 3 35
32 1 2 3 3 35 36
33 1 2 3 3 36 37
34 1 2 3 3 37 38
35 1 2 3 3 38 39
36 1 2 3 3 39 40
37 1 2 3 3 40 41
38 1 2 3 3 41 42
39 1 2 3 3 42 43
40 1 2 3 3 43 44
41 1 2 3 3 44 45
42 1 2 3 3 45 46
43 1 2 3 3 46 47
44 1 2 3 3 47 48
45 1 2 3 3 48 4
46 1 2 2 4 4 49
47 1 2 2 4 49 50
48 1 2 2 4 50 51
49 1 2 2 4 51 52
50 1 2 2 4 52 53
51 1 2 2 4 53 54
52 1 2 2 4 54 55
53 1 2 2 4 55 56
54 1 2 2 4 56 57
55 1 2 2 4 57 58
56 1 2 2 4 58 59
57 1 2 2 4 59 60
58 1 2 2 4 60 61
59 1 2 2 4 61 62
60 1 2 2 4 62 5
61 1 2 3 5 5 63
62 1 2 3 5 63 64
63 1 2 3 5 64 65
64 1 2 3 5 65 66
65 1 2 3 5 66 67
66 1 2 3 5 67 68
67 1 2 3 5 68 69
68 1 2 3 5 69 70
69 1 2 3 5 70 71
70 1 2 3 5 71 72
71 1 2 3 5 72 73
72 1 2 3 5 73 74
73 1 2 3 5 74 75
74 1 2 3 5 75 76
75 1 2 3 5 76 77
76 1 2 3 5 77 78
77 1 2 3 5 78 79
78 1 2 3 5 79 80
79 1 2 3 5 80 81
80 1 2 3 5 81 82
81 1 2 3 5 82 83
82 1 2 3 5 83 84
83 1 2 3 5 84 85
84 1 2 3 5 85 86
85 1 2 3 5 86 87
86 1 2 3 5 87 88
87 1 2 3 5 88 89
88 1 2 3 5 89 90
89 1 2 3 5 90 91
90 1 2 3 5 91 92
91 1 2 3 5 92 93
92 1 2 3 5 93 94
93 1 2 3 5 94 95
94 1 2 3 5 95 96
95 1 2 3 5 96 97
96 1 2 3 5 97 98
97 1 2 3 5 98 99
98 1 2 3 5 99 100
99 1 2 3 5 100 101
100 1 2 3 5 101 102
101 1 2 3 5 102 103
102 1 2 3 5 103 104
103 1 2 3 5 104 6
104 1 2 1 6 6 105
105 1 2 1 6 105 106
106 1 2 1 6 106 107
107 1 2 1 6 107 108
108 1 2 1 6 108 109
109 1 2 1 6 109 110
110 1 2 1 6 110 111
111 1 2 1 6 111 112
112 1 2 1 6 112 113
113 1 2 1 6 113 114
114 1 2 1 6 114 115
115 1 2 1 6 115 116
116 1 2 1 6 116 117
117 1 2 1 6 117 118
118 1 2 1 6 118 1
119 2 2 100 1 534 735 759
120 2 2 100 1 413 415 564
121 2 2 100 1 472 693 768
122 2 2 100 1 534 161 735
123 2 2 100 1 487 120 746
124 2 2 100 1 120 487 756
125 2 2 100 1 137 489 491
126 2 2 100 1 573 139 575
127 2 2 100 1 37 38 574
128 2 2 100 1 444 524 570
129 2 2 100 1 140 488 603
130 2 2 100 1 111 127 593
131 2 2 100 1 156 612 667
132 2 2 100 1 693 472 694
133 2 2 100 1 123 483 563
134 2 2 100 1 355 530 727
135 2 2 100 1 125 709 745
136 2 2 100 1 709 473 745
137 2 2 100 1 139 573 574
138 2 2 100 1 494 128 496
139 2 2 100 1 482 125 794
140 2 2 100 1 483 123 564
141 2 2 100 1 524 134 570
142 2 2 100 1 125 482 709
143 2 2 100 1 480 132 727
144 2 2 100 1 137 491 515
145 2 2 100 1 132 480 526
146 2 2 100 1 745 473 757
147 2 2 100 1 473 507 757
148 2 2 100 1 474 481 629
149 2 2 100 1 486 138 557
150 2 2 100 1 633 151 660
151 2 2 100 1 629 481 729
152 2 2 100 1 468 564 565
153 2 2 100 1 576 40 752
154 2 2 100 1 40 576 782
155 2 2 100 1 110 111 593
156 2 2 100 1 415 483 564
157 2 2 100 1 468 413 564
158 2 2 100 1 9 10 523
159 2 2 100 1 138 486 703
160 2 2 100 1 510 153 743
161 2 2 100 1 468 565 773
162 2 2 100 1 37 574 578
163 2 2 100 1 506 469 527
164 2 2 100 1 693 157 768
165 2 2 100 1 447 633 660
166 2 2 100 1 439 518 519
167 2 2 100 1 533 355 727
168 2 2 100 1 488 140 744
169 2 2 100 1 165 167 533
170 2 2 100 1 126 516 618
171 2 2 100 1 38 139 574
172 2 2 100 1 618 771 792
173 2 2 100 1 18 552 747
174 2 2 100 1 134 524 723
175 2 2 100 1 771 388 792
176 2 2 100 1 496 128 750
177 2 2 100 1 612 156 737
178 2 2 100 1 631 538 635
179 2 2 100 1 633 447 741
180 2 2 100 1 691 761 776
181 2 2 100 1 735 478 759
182 2 2 100 1 552 18 797
183 2 2 100 1 504 427 588
184 2 2 100 1 593 127 731
185 2 2 100 1 560 134 723
186 2 2 100 1 667 612 769
187 2 2 100 1 455 630 634
188 2 2 100 1 153 510 798
189 2 2 100 1 73 74 565
190 2 2 100 1 119 729 755
191 2 2 100 1 502 501 753
192 2 2 100 1 466 146 527
193 2 2 100 1 447 516 741
194 2 2 100 1 729 481 755
195 2 2 100 1 486 487 703
196 2 2 100 1 163 146 466
197 2 2 100 1 761 136 776
198 2 2 100 1 140 603 764
199 2 2 100 1 401 505 587
200 2 2 100 1 502 753 806
201 2 2 100 1 160 508 510
202 2 2 100 1 417 420 562
203 2 2 100 1 146 506 527
204 2 2 100 1 427 504 694
205 2 2 100 1 160 9 523
206 2 2 100 1 10 145 523
207 2 2 100 1 578 440 589
208 2 2 100 1 703 487 746
209 2 2 100 1 29 129 506
210 2 2 100 1 505 401 588
211 2 2 100 1 130 26 163
212 2 2 100 1 751 590 768
213 2 2 100 1 130 163 164
214 2 2 100 1 530 480 727
215 2 2 100 1 443 760 763
216 2 2 100 1 538 631 764
217 2 2 100 1 489 137 804
218 2 2 100 1 618 516 742
219 2 2 100 1 521 251 587
220 2 2 100 1 512 165 533
221 2 2 100 1 505 521 587
222 2 2 100 1 121 578 589
223 2 2 100 1 167 355 533
224 2 2 100 1 508 160 523
225 2 2 100 1 24 25 512
226 2 2 100 1 400 504 588
227 2 2 100 1 559 143 606
228 2 2 100 1 71 72 563
229 2 2 100 1 24 512 517
230 2 2 100 1 128 494 766
231 2 2 100 1 518 439 749
232 2 2 100 1 455 634 766
233 2 2 100 1 74 152 565
234 2 2 100 1 133 693 694
235 2 2 100 1 707 158 770
236 2 2 100 1 158 526 770
237 2 2 100 1 123 73 565
238 2 2 100 1 86 137 515
239 2 2 100 1 487 396 531
240 2 2 100 1 574 440 578
241 2 2 100 1 483 562 563
242 2 2 100 1 85 86 515
243 2 2 100 1 439 519 774
244 2 2 100 1 150 514 561
245 2 2 100 1 491 493 515
246 2 2 100 1 32 133 519
247 2 2 100 1 503 511 772
248 2 2 100 1 132 23 517
249 2 2 100 1 420 514 562
250 2 2 100 1 483 417 562
251 2 2 100 1 526 158 789
252 2 2 100 1 160 510 525
253 2 2 100 1 401 400 588
254 2 2 100 1 760 582 763
255 2 2 100 1 611 720 725
256 2 2 100 1 706 493 726
257 2 2 100 1 513 482 794
258 2 2 100 1 514 150 562
259 2 2 100 1 158 707 765
260 2 2 100 1 772 511 793
261 2 2 100 1 72 123 563
262 2 2 100 1 507 152 757
263 2 2 100 1 271 296 532
264 2 2 100 1 515 493 706
265 2 2 100 1 327 520 532
266 2 2 100 1 157 751 768
267 2 2 100 1 82 748 762
268 2 2 100 1 365 575 576
269 2 2 100 1 23 24 517
270 2 2 100 1 132 517 727
271 2 2 100 1 121 589 590
272 2 2 100 1 525 510 743
273 2 2 100 1 503 120 756
274 2 2 100 1 427 377 588
275 2 2 100 1 396 520 531
276 2 2 100 1 377 505 588
277 2 2 100 1 150 71 563
278 2 2 100 1 520 327 531
279 2 2 100 1 234 714 738
280 2 2 100 1 487 531 756
281 2 2 100 1 733 625 753
282 2 2 100 1 152 507 773
283 2 2 100 1 296 327 532
284 2 2 100 1 28 29 506
285 2 2 100 1 26 27 163
286 2 2 100 1 31 32 519
287 2 2 100 1 575 139 782
288 2 2 100 1 119 577 752
289 2 2 100 1 25 130 512
290 2 2 100 1 522 714 715
291 2 2 100 1 755 605 758
292 2 2 100 1 120 503 772
293 2 2 100 1 36 37 578
294 2 2 100 1 509 508 523
295 2 2 100 1 638 259 685
296 2 2 100 1 121 36 578
297 2 2 100 1 532 638 685
298 2 2 100 1 131 706 726
299 2 2 100 1 521 522 715
300 2 2 100 1 518 31 519
301 2 2 100 1 506 129 786
302 2 2 100 1 720 466 725
303 2 2 100 1 516 126 741
304 2 2 100 1 564 123 565
305 2 2 100 1 143 559 801
306 2 2 100 1 130 164 165
307 2 2 100 1 580 259 648
308 2 2 100 1 164 163 466
309 2 2 100 1 580 448 623
310 2 2 100 1 145 511 803
311 2 2 100 1 548 549 704
312 2 2 100 1 469 506 786
313 2 2 100 1 558 559 606
314 2 2 100 1 259 638 648
315 2 2 100 1 536 325 556
316 2 2 100 1 549 381 704
317 2 2 100 1 7 8 525
318 2 2 100 1 8 160 525
319 2 2 100 1 271 532 685
320 2 2 100 1 460 558 606
321 2 2 100 1 511 145 793
322 2 2 100 1 431 536 556
323 2 2 100 1 517 512 533
324 2 2 100 1 251 521 715
325 2 2 100 1 30 31 518
326 2 2 100 1 632 609 680
327 2 2 100 1 437 419 710
328 2 2 100 1 460 540 677
329 2 2 100 1 450 537 538
330 2 2 100 1 748 471 762
331 2 2 100 1 401 587 607
332 2 2 100 1 448 580 648
333 2 2 100 1 85 515 706
334 2 2 100 1 450 449 537
335 2 2 100 1 565 152 773
336 2 2 100 1 576 575 782
337 2 2 100 1 542 290 662
338 2 2 100 1 558 460 677
339 2 2 100 1 469 382 527
340 2 2 100 1 252 623 653
341 2 2 100 1 537 449 555
342 2 2 100 1 587 586 607
343 2 2 100 1 549 550 711
344 2 2 100 1 577 119 755
345 2 2 100 1 79 513 794
346 2 2 100 1 530 355 567
347 2 2 100 1 528 456 542
348 2 2 100 1 543 545 689
349 2 2 100 1 623 448 653
350 2 2 100 1 170 611 632
351 2 2 100 1 309 325 678
352 2 2 100 1 541 609 632
353 2 2 100 1 365 576 577
354 2 2 100 1 252 529 583
355 2 2 100 1 258 568 675
356 2 2 100 1 325 536 678
357 2 2 100 1 579 583 651
358 2 2 100 1 711 550 712
359 2 2 100 1 528 542 662
360 2 2 100 1 504 439 774
361 2 2 100 1 541 333 609
362 2 2 100 1 162 64 535
363 2 2 100 1 444 570 800
364 2 2 100 1 453 555 672
365 2 2 100 1 170 632 680
366 2 2 100 1 733 753 802
367 2 2 100 1 532 520 638
368 2 2 100 1 714 522 738
369 2 2 100 1 529 252 653
370 2 2 100 1 147 102 534
371 2 2 100 1 237 250 548
372 2 2 100 1 568 414 675
373 2 2 100 1 270 287 540
374 2 2 100 1 294 644 687
375 2 2 100 1 545 386 689
376 2 2 100 1 509 539 621
377 2 2 100 1 548 250 549
378 2 2 100 1 454 568 688
379 2 2 100 1 333 541 637
380 2 2 100 1 68 135 572
381 2 2 100 1 556 479 717
382 2 2 100 1 272 201 594
383 2 2 100 1 397 585 613
384 2 2 100 1 583 529 651
385 2 2 100 1 579 184 583
386 2 2 100 1 2 21 158
387 2 2 100 1 34 3 157
388 2 2 100 1 130 165 512
389 2 2 100 1 281 322 555
390 2 2 100 1 290 542 622
391 2 2 100 1 289 270 540
392 2 2 100 1 539 615 621
393 2 2 100 1 211 333 637
394 2 2 100 1 190 580 623
395 2 2 100 1 586 585 607
396 2 2 100 1 555 449 672
397 2 2 100 1 101 147 569
398 2 2 100 1 454 688 690
399 2 2 100 1 530 567 647
400 2 2 100 1 567 554 647
401 2 2 100 1 103 161 534
402 2 2 100 1 254 248 544
403 2 2 100 1 165 164 166
404 2 2 100 1 585 584 613
405 2 2 100 1 355 169 567
406 2 2 100 1 547 239 548
407 2 2 100 1 301 272 594
408 2 2 100 1 103 104 161
409 2 2 100 1 63 64 162
410 2 2 100 1 551 445 552
411 2 2 100 1 134 99 570
412 2 2 100 1 201 591 594
413 2 2 100 1 359 479 556
414 2 2 100 1 442 740 742
415 2 2 100 1 322 537 555
416 2 2 100 1 65 148 535
417 2 2 100 1 239 237 548
418 2 2 100 1 561 514 716
419 2 2 100 1 241 239 547
420 2 2 100 1 390 445 551
421 2 2 100 1 367 459 612
422 2 2 100 1 98 134 560
423 2 2 100 1 394 486 557
424 2 2 100 1 172 554 567
425 2 2 100 1 540 287 677
426 2 2 100 1 70 150 561
427 2 2 100 1 235 234 553
428 2 2 100 1 177 173 642
429 2 2 100 1 325 359 556
430 2 2 100 1 359 478 479
431 2 2 100 1 274 290 622
432 2 2 100 1 543 247 545
433 2 2 100 1 251 225 586
434 2 2 100 1 363 475 566
435 2 2 100 1 367 347 459
436 2 2 100 1 644 457 687
437 2 2 100 1 453 281 555
438 2 2 100 1 201 197 591
439 2 2 100 1 172 174 554
440 2 2 100 1 313 361 614
441 2 2 100 1 248 245 544
442 2 2 100 1 253 262 595
443 2 2 100 1 573 440 574
444 2 2 100 1 262 402 595
445 2 2 100 1 251 586 587
446 2 2 100 1 459 347 460
447 2 2 100 1 243 247 543
448 2 2 100 1 585 397 607
449 2 2 100 1 181 184 579
450 2 2 100 1 148 66 571
451 2 2 100 1 192 259 580
452 2 2 100 1 309 324 325
453 2 2 100 1 376 472 604
454 2 2 100 1 224 584 585
455 2 2 100 1 101 102 147
456 2 2 100 1 65 66 148
457 2 2 100 1 601 337 602
458 2 2 100 1 462 326 615
459 2 2 100 1 353 440 573
460 2 2 100 1 549 250 550
461 2 2 100 1 169 172 567
462 2 2 100 1 64 65 535
463 2 2 100 1 124 95 581
464 2 2 100 1 254 544 619
465 2 2 100 1 361 498 614
466 2 2 100 1 22 23 132
467 2 2 100 1 32 33 133
468 2 2 100 1 362 300 363
469 2 2 100 1 224 221 584
470 2 2 100 1 571 67 572
471 2 2 100 1 100 569 570
472 2 2 100 1 325 324 359
473 2 2 100 1 347 289 540
474 2 2 100 1 225 224 586
475 2 2 100 1 338 337 601
476 2 2 100 1 384 390 551
477 2 2 100 1 363 384 475
478 2 2 100 1 299 298 300
479 2 2 100 1 594 453 672
480 2 2 100 1 430 592 593
481 2 2 100 1 362 363 566
482 2 2 100 1 581 149 582
483 2 2 100 1 215 213 628
484 2 2 100 1 67 68 572
485 2 2 100 1 617 126 618
486 2 2 100 1 539 462 615
487 2 2 100 1 686 437 710
488 2 2 100 1 545 546 699
489 2 2 100 1 100 101 569
490 2 2 100 1 392 394 557
491 2 2 100 1 245 243 543
492 2 2 100 1 94 124 597
493 2 2 100 1 591 453 594
494 2 2 100 1 345 432 600
495 2 2 100 1 465 362 566
496 2 2 100 1 346 289 347
497 2 2 100 1 475 384 551
498 2 2 100 1 265 453 591
499 2 2 100 1 135 69 561
500 2 2 100 1 249 248 253
501 2 2 100 1 243 241 247
502 2 2 100 1 341 338 601
503 2 2 100 1 399 369 599
504 2 2 100 1 186 188 252
505 2 2 100 1 299 300 362
506 2 2 100 1 102 103 534
507 2 2 100 1 253 254 262
508 2 2 100 1 203 206 265
509 2 2 100 1 265 268 281
510 2 2 100 1 281 307 322
511 2 2 100 1 149 97 560
512 2 2 100 1 245 543 544
513 2 2 100 1 190 192 580
514 2 2 100 1 276 180 298
515 2 2 100 1 584 264 613
516 2 2 100 1 253 248 254
517 2 2 100 1 419 416 454
518 2 2 100 1 596 341 601
519 2 2 100 1 322 428 467
520 2 2 100 1 178 180 276
521 2 2 100 1 275 263 619
522 2 2 100 1 390 392 445
523 2 2 100 1 197 203 591
524 2 2 100 1 224 585 586
525 2 2 100 1 98 99 134
526 2 2 100 1 68 69 135
527 2 2 100 1 192 194 259
528 2 2 100 1 353 370 440
529 2 2 100 1 615 302 621
530 2 2 100 1 432 343 596
531 2 2 100 1 276 298 299
532 2 2 100 1 213 211 637
533 2 2 100 1 445 392 557
534 2 2 100 1 404 403 409
535 2 2 100 1 246 245 248
536 2 2 100 1 244 243 245
537 2 2 100 1 343 341 596
538 2 2 100 1 233 231 234
539 2 2 100 1 89 126 617
540 2 2 100 1 237 235 250
541 2 2 100 1 270 257 287
542 2 2 100 1 192 193 194
543 2 2 100 1 351 353 573
544 2 2 100 1 173 171 642
545 2 2 100 1 262 263 273
546 2 2 100 1 488 379 603
547 2 2 100 1 257 253 595
548 2 2 100 1 394 396 486
549 2 2 100 1 287 257 595
550 2 2 100 1 178 179 180
551 2 2 100 1 190 191 192
552 2 2 100 1 346 347 367
553 2 2 100 1 263 254 619
554 2 2 100 1 203 265 591
555 2 2 100 1 363 383 384
556 2 2 100 1 221 219 584
557 2 2 100 1 262 254 263
558 2 2 100 1 194 195 196
559 2 2 100 1 196 197 201
560 2 2 100 1 416 414 568
561 2 2 100 1 369 368 599
562 2 2 100 1 271 201 272
563 2 2 100 1 459 460 606
564 2 2 100 1 562 150 563
565 2 2 100 1 188 190 623
566 2 2 100 1 96 149 581
567 2 2 100 1 402 273 403
568 2 2 100 1 167 169 355
569 2 2 100 1 322 307 428
570 2 2 100 1 223 224 225
571 2 2 100 1 282 313 614
572 2 2 100 1 318 349 365
573 2 2 100 1 409 410 455
574 2 2 100 1 608 177 642
575 2 2 100 1 486 396 487
576 2 2 100 1 296 272 297
577 2 2 100 1 287 595 654
578 2 2 100 1 265 281 453
579 2 2 100 1 281 268 307
580 2 2 100 1 227 225 251
581 2 2 100 1 242 241 243
582 2 2 100 1 274 282 290
583 2 2 100 1 273 263 274
584 2 2 100 1 184 186 583
585 2 2 100 1 265 206 268
586 2 2 100 1 542 410 622
587 2 2 100 1 271 272 296
588 2 2 100 1 96 97 149
589 2 2 100 1 70 71 150
590 2 2 100 1 174 178 554
591 2 2 100 1 233 234 235
592 2 2 100 1 410 403 622
593 2 2 100 1 361 348 474
594 2 2 100 1 409 403 410
595 2 2 100 1 165 166 167
596 2 2 100 1 296 297 326
597 2 2 100 1 196 201 271
598 2 2 100 1 326 297 615
599 2 2 100 1 440 370 589
600 2 2 100 1 330 368 369
601 2 2 100 1 545 247 546
602 2 2 100 1 379 366 603
603 2 2 100 1 161 734 735
604 2 2 100 1 503 462 511
605 2 2 100 1 461 462 503
606 2 2 100 1 537 467 538
607 2 2 100 1 461 326 462
608 2 2 100 1 400 439 504
609 2 2 100 1 223 221 224
610 2 2 100 1 404 409 494
611 2 2 100 1 194 193 195
612 2 2 100 1 184 185 186
613 2 2 100 1 382 329 610
614 2 2 100 1 345 343 432
615 2 2 100 1 357 345 600
616 2 2 100 1 196 195 197
617 2 2 100 1 313 348 361
618 2 2 100 1 297 301 302
619 2 2 100 1 384 389 390
620 2 2 100 1 192 191 193
621 2 2 100 1 370 372 589
622 2 2 100 1 385 362 465
623 2 2 100 1 485 367 612
624 2 2 100 1 186 187 188
625 2 2 100 1 363 300 383
626 2 2 100 1 200 177 608
627 2 2 100 1 99 100 570
628 2 2 100 1 420 419 437
629 2 2 100 1 398 399 400
630 2 2 100 1 390 391 392
631 2 2 100 1 255 285 598
632 2 2 100 1 402 403 404
633 2 2 100 1 313 314 348
634 2 2 100 1 188 189 190
635 2 2 100 1 219 218 264
636 2 2 100 1 333 608 609
637 2 2 100 1 397 369 398
638 2 2 100 1 589 372 590
639 2 2 100 1 66 67 571
640 2 2 100 1 273 274 622
641 2 2 100 1 454 416 568
642 2 2 100 1 361 474 497
643 2 2 100 1 249 253 257
644 2 2 100 1 329 328 610
645 2 2 100 1 373 376 604
646 2 2 100 1 217 218 219
647 2 2 100 1 97 98 560
648 2 2 100 1 151 93 597
649 2 2 100 1 186 252 583
650 2 2 100 1 282 283 313
651 2 2 100 1 398 369 399
652 2 2 100 1 174 176 178
653 2 2 100 1 430 431 592
654 2 2 100 1 330 329 368
655 2 2 100 1 302 303 310
656 2 2 100 1 392 393 394
657 2 2 100 1 322 467 537
658 2 2 100 1 314 316 605
659 2 2 100 1 219 264 584
660 2 2 100 1 366 450 603
661 2 2 100 1 480 465 526
662 2 2 100 1 209 200 608
663 2 2 100 1 455 410 456
664 2 2 100 1 217 215 218
665 2 2 100 1 310 366 379
666 2 2 100 1 292 329 330
667 2 2 100 1 368 469 599
668 2 2 100 1 264 291 292
669 2 2 100 1 181 183 184
670 2 2 100 1 94 95 124
671 2 2 100 1 72 73 123
672 2 2 100 1 274 275 282
673 2 2 100 1 250 235 553
674 2 2 100 1 508 470 510
675 2 2 100 1 333 209 608
676 2 2 100 1 394 395 396
677 2 2 100 1 327 326 461
678 2 2 100 1 292 328 329
679 2 2 100 1 69 70 561
680 2 2 100 1 568 258 688
681 2 2 100 1 417 416 419
682 2 2 100 1 380 379 470
683 2 2 100 1 240 239 241
684 2 2 100 1 262 273 402
685 2 2 100 1 302 301 303
686 2 2 100 1 180 181 579
687 2 2 100 1 310 303 366
688 2 2 100 1 470 379 488
689 2 2 100 1 222 221 223
690 2 2 100 1 297 272 301
691 2 2 100 1 415 414 416
692 2 2 100 1 246 248 249
693 2 2 100 1 226 225 227
694 2 2 100 1 290 614 662
695 2 2 100 1 368 382 469
696 2 2 100 1 220 219 221
697 2 2 100 1 328 452 610
698 2 2 100 1 74 75 152
699 2 2 100 1 92 93 151
700 2 2 100 1 211 209 333
701 2 2 100 1 376 427 472
702 2 2 100 1 190 189 191
703 2 2 100 1 628 213 637
704 2 2 100 1 137 87 616
705 2 2 100 1 292 291 328
706 2 2 100 1 400 399 439
707 2 2 100 1 616 88 617
708 2 2 100 1 380 470 508
709 2 2 100 1 290 282 614
710 2 2 100 1 610 452 611
711 2 2 100 1 474 348 481
712 2 2 100 1 260 305 636
713 2 2 100 1 247 241 547
714 2 2 100 1 498 497 499
715 2 2 100 1 304 620 624
716 2 2 100 1 500 499 501
717 2 2 100 1 95 96 581
718 2 2 100 1 310 379 380
719 2 2 100 1 298 180 579
720 2 2 100 1 264 218 291
721 2 2 100 1 180 179 181
722 2 2 100 1 460 347 540
723 2 2 100 1 238 237 239
724 2 2 100 1 228 227 229
725 2 2 100 1 297 302 615
726 2 2 100 1 413 412 414
727 2 2 100 1 313 283 314
728 2 2 100 1 178 176 179
729 2 2 100 1 456 528 719
730 2 2 100 1 93 94 597
731 2 2 100 1 236 235 237
732 2 2 100 1 330 369 397
733 2 2 100 1 230 229 231
734 2 2 100 1 83 84 131
735 2 2 100 1 88 89 617
736 2 2 100 1 80 81 136
737 2 2 100 1 86 87 137
738 2 2 100 1 77 78 125
739 2 2 100 1 89 90 126
740 2 2 100 1 398 401 607
741 2 2 100 1 398 400 401
742 2 2 100 1 368 329 382
743 2 2 100 1 558 496 559
744 2 2 100 1 178 276 554
745 2 2 100 1 428 429 430
746 2 2 100 1 232 231 233
747 2 2 100 1 359 477 478
748 2 2 100 1 353 354 370
749 2 2 100 1 351 352 353
750 2 2 100 1 366 449 450
751 2 2 100 1 511 462 539
752 2 2 100 1 306 304 624
753 2 2 100 1 500 501 502
754 2 2 100 1 330 397 613
755 2 2 100 1 87 88 616
756 2 2 100 1 282 275 283
757 2 2 100 1 327 461 531
758 2 2 100 1 299 362 385
759 2 2 100 1 216 215 217
760 2 2 100 1 384 383 389
761 2 2 100 1 214 213 215
762 2 2 100 1 361 497 498
763 2 2 100 1 296 326 327
764 2 2 100 1 328 451 452
765 2 2 100 1 285 309 678
766 2 2 100 1 498 499 500
767 2 2 100 1 242 243 244
768 2 2 100 1 541 451 637
769 2 2 100 1 274 263 275
770 2 2 100 1 264 292 613
771 2 2 100 1 397 398 607
772 2 2 100 1 495 494 496
773 2 2 100 1 392 391 393
774 2 2 100 1 186 185 187
775 2 2 100 1 349 350 351
776 2 2 100 1 188 187 189
777 2 2 100 1 244 245 246
778 2 2 100 1 223 225 226
779 2 2 100 1 184 183 185
780 2 2 100 1 390 389 391
781 2 2 100 1 380 508 509
782 2 2 100 1 252 188 623
783 2 2 100 1 218 215 628
784 2 2 100 1 403 273 622
785 2 2 100 1 336 306 412
786 2 2 100 1 396 395 520
787 2 2 100 1 305 335 636
788 2 2 100 1 292 330 613
789 2 2 100 1 385 465 480
790 2 2 100 1 318 319 349
791 2 2 100 1 167 168 169
792 2 2 100 1 394 393 395
793 2 2 100 1 544 543 689
794 2 2 100 1 335 387 425
795 2 2 100 1 293 279 639
796 2 2 100 1 302 310 621
797 2 2 100 1 212 211 213
798 2 2 100 1 412 306 624
799 2 2 100 1 383 300 651
800 2 2 100 1 491 490 492
801 2 2 100 1 380 509 621
802 2 2 100 1 370 371 372
803 2 2 100 1 203 205 206
804 2 2 100 1 316 317 318
805 2 2 100 1 550 250 553
806 2 2 100 1 217 219 220
807 2 2 100 1 49 50 625
808 2 2 100 1 46 47 154
809 2 2 100 1 50 51 159
810 2 2 100 1 451 628 637
811 2 2 100 1 50 159 625
812 2 2 100 1 366 303 449
813 2 2 100 1 116 117 153
814 2 2 100 1 8 9 160
815 2 2 100 1 45 46 626
816 2 2 100 1 51 52 627
817 2 2 100 1 46 154 626
818 2 2 100 1 159 51 627
819 2 2 100 1 420 437 438
820 2 2 100 1 44 45 141
821 2 2 100 1 52 53 144
822 2 2 100 1 240 241 242
823 2 2 100 1 328 291 451
824 2 2 100 1 456 410 542
825 2 2 100 1 141 45 626
826 2 2 100 1 52 144 627
827 2 2 100 1 220 221 222
828 2 2 100 1 91 92 633
829 2 2 100 1 114 115 140
830 2 2 100 1 10 11 145
831 2 2 100 1 348 314 605
832 2 2 100 1 655 267 656
833 2 2 100 1 658 258 675
834 2 2 100 1 381 700 704
835 2 2 100 1 435 434 436
836 2 2 100 1 489 358 490
837 2 2 100 1 169 171 172
838 2 2 100 1 92 151 633
839 2 2 100 1 358 293 639
840 2 2 100 1 210 209 211
841 2 2 100 1 197 198 203
842 2 2 100 1 285 308 309
843 2 2 100 1 452 451 541
844 2 2 100 1 208 200 209
845 2 2 100 1 314 315 316
846 2 2 100 1 415 416 417
847 2 2 100 1 310 380 621
848 2 2 100 1 417 419 420
849 2 2 100 1 364 357 434
850 2 2 100 1 255 284 285
851 2 2 100 1 500 502 528
852 2 2 100 1 611 170 720
853 2 2 100 1 233 235 236
854 2 2 100 1 356 345 357
855 2 2 100 1 226 227 228
856 2 2 100 1 238 239 240
857 2 2 100 1 452 541 632
858 2 2 100 1 129 30 518
859 2 2 100 1 214 215 216
860 2 2 100 1 413 414 415
861 2 2 100 1 299 385 647
862 2 2 100 1 212 213 214
863 2 2 100 1 228 229 230
864 2 2 100 1 408 655 656
865 2 2 100 1 53 54 630
866 2 2 100 1 113 114 631
867 2 2 100 1 554 276 647
868 2 2 100 1 236 237 238
869 2 2 100 1 233 236 620
870 2 2 100 1 298 579 651
871 2 2 100 1 43 44 629
872 2 2 100 1 457 331 458
873 2 2 100 1 611 452 632
874 2 2 100 1 335 425 636
875 2 2 100 1 344 343 345
876 2 2 100 1 144 53 630
877 2 2 100 1 230 231 232
878 2 2 100 1 54 55 634
879 2 2 100 1 112 113 635
880 2 2 100 1 269 257 270
881 2 2 100 1 232 233 620
882 2 2 100 1 44 141 629
883 2 2 100 1 602 337 666
884 2 2 100 1 111 112 127
885 2 2 100 1 55 56 128
886 2 2 100 1 114 140 631
887 2 2 100 1 167 166 168
888 2 2 100 1 529 383 651
889 2 2 100 1 25 26 130
890 2 2 100 1 29 30 129
891 2 2 100 1 624 658 675
892 2 2 100 1 491 492 493
893 2 2 100 1 430 429 431
894 2 2 100 1 336 412 413
895 2 2 100 1 181 182 183
896 2 2 100 1 373 375 376
897 2 2 100 1 353 352 354
898 2 2 100 1 481 348 605
899 2 2 100 1 414 412 675
900 2 2 100 1 428 307 429
901 2 2 100 1 172 173 174
902 2 2 100 1 342 341 343
903 2 2 100 1 370 354 371
904 2 2 100 1 546 247 547
905 2 2 100 1 372 373 604
906 2 2 100 1 351 350 352
907 2 2 100 1 404 494 495
908 2 2 100 1 169 168 171
909 2 2 100 1 259 194 685
910 2 2 100 1 489 490 491
911 2 2 100 1 309 323 324
912 2 2 100 1 291 218 628
913 2 2 100 1 376 377 427
914 2 2 100 1 210 211 212
915 2 2 100 1 217 220 643
916 2 2 100 1 385 530 647
917 2 2 100 1 280 293 294
918 2 2 100 1 207 279 280
919 2 2 100 1 27 28 146
920 2 2 100 1 349 319 350
921 2 2 100 1 146 28 506
922 2 2 100 1 340 338 341
923 2 2 100 1 223 226 655
924 2 2 100 1 204 433 645
925 2 2 100 1 208 209 210
926 2 2 100 1 174 175 176
927 2 2 100 1 318 317 319
928 2 2 100 1 630 54 634
929 2 2 100 1 113 631 635
930 2 2 100 1 490 358 639
931 2 2 100 1 268 206 598
932 2 2 100 1 205 198 666
933 2 2 100 1 314 283 315
934 2 2 100 1 191 189 202
935 2 2 100 1 197 195 198
936 2 2 100 1 204 332 433
937 2 2 100 1 451 291 628
938 2 2 100 1 699 546 700
939 2 2 100 1 435 436 442
940 2 2 100 1 294 320 321
941 2 2 100 1 55 128 634
942 2 2 100 1 127 112 635
943 2 2 100 1 521 378 522
944 2 2 100 1 27 146 163
945 2 2 100 1 609 608 642
946 2 2 100 1 295 216 405
947 2 2 100 1 495 496 558
948 2 2 100 1 295 406 411
949 2 2 100 1 168 166 170
950 2 2 100 1 35 36 121
951 2 2 100 1 16 17 138
952 2 2 100 1 13 14 120
953 2 2 100 1 41 42 119
954 2 2 100 1 19 20 122
955 2 2 100 1 38 39 139
956 2 2 100 1 364 434 435
957 2 2 100 1 278 222 408
958 2 2 100 1 286 256 337
959 2 2 100 1 172 171 173
960 2 2 100 1 316 315 317
961 2 2 100 1 181 179 182
962 2 2 100 1 595 402 654
963 2 2 100 1 372 371 373
964 2 2 100 1 406 405 407
965 2 2 100 1 590 372 604
966 2 2 100 1 280 294 687
967 2 2 100 1 300 298 651
968 2 2 100 1 614 498 662
969 2 2 100 1 276 299 647
970 2 2 100 1 421 408 422
971 2 2 100 1 356 357 364
972 2 2 100 1 187 185 266
973 2 2 100 1 288 270 289
974 2 2 100 1 418 407 463
975 2 2 100 1 196 271 685
976 2 2 100 1 280 279 293
977 2 2 100 1 423 422 426
978 2 2 100 1 520 395 638
979 2 2 100 1 207 200 208
980 2 2 100 1 199 177 200
981 2 2 100 1 175 173 177
982 2 2 100 1 214 216 295
983 2 2 100 1 344 345 356
984 2 2 100 1 381 549 711
985 2 2 100 1 388 358 489
986 2 2 100 1 216 217 643
987 2 2 100 1 320 293 358
988 2 2 100 1 385 480 530
989 2 2 100 1 220 278 643
990 2 2 100 1 210 212 277
991 2 2 100 1 206 255 598
992 2 2 100 1 174 173 175
993 2 2 100 1 446 426 482
994 2 2 100 1 260 232 304
995 2 2 100 1 295 405 406
996 2 2 100 1 498 500 662
997 2 2 100 1 206 205 255
998 2 2 100 1 220 222 278
999 2 2 100 1 294 293 320
1000 2 2 100 1 418 463 471
1001 2 2 100 1 402 404 654
1002 2 2 100 1 335 360 387
1003 2 2 100 1 376 375 377
1004 2 2 100 1 406 407 418
1005 2 2 100 1 305 334 335
1006 2 2 100 1 473 360 507
1007 2 2 100 1 342 343 344
1008 2 2 100 1 305 304 306
1009 2 2 100 1 275 619 663
1010 2 2 100 1 207 208 279
1011 2 2 100 1 199 200 207
1012 2 2 100 1 175 177 199
1013 2 2 100 1 334 306 336
1014 2 2 100 1 183 182 204
1015 2 2 100 1 249 257 269
1016 2 2 100 1 285 284 308
1017 2 2 100 1 301 594 672
1018 2 2 100 1 393 391 448
1019 2 2 100 1 389 383 529
1020 2 2 100 1 320 358 388
1021 2 2 100 1 278 408 421
1022 2 2 100 1 226 267 655
1023 2 2 100 1 447 442 516
1024 2 2 100 1 304 232 620
1025 2 2 100 1 256 205 666
1026 2 2 100 1 204 182 331
1027 2 2 100 1 421 422 423
1028 2 2 100 1 423 426 446
1029 2 2 100 1 492 490 679
1030 2 2 100 1 222 223 655
1031 2 2 100 1 405 216 643
1032 2 2 100 1 332 331 457
1033 2 2 100 1 446 482 513
1034 2 2 100 1 458 331 657
1035 2 2 100 1 294 321 644
1036 2 2 100 1 203 198 205
1037 2 2 100 1 435 442 447
1038 2 2 100 1 230 232 260
1039 2 2 100 1 377 375 378
1040 2 2 100 1 340 341 342
1041 2 2 100 1 407 405 671
1042 2 2 100 1 238 240 258
1043 2 2 100 1 336 413 468
1044 2 2 100 1 212 214 646
1045 2 2 100 1 283 275 663
1046 2 2 100 1 226 228 267
1047 2 2 100 1 359 324 477
1048 2 2 100 1 311 289 346
1049 2 2 100 1 484 367 485
1050 2 2 100 1 373 374 375
1051 2 2 100 1 415 417 483
1052 2 2 100 1 204 331 332
1053 2 2 100 1 303 301 672
1054 2 2 100 1 356 364 476
1055 2 2 100 1 317 315 386
1056 2 2 100 1 505 378 521
1057 2 2 100 1 387 360 473
1058 2 2 100 1 377 378 505
1059 2 2 100 1 352 350 381
1060 2 2 100 1 335 334 360
1061 2 2 100 1 295 411 646
1062 2 2 100 1 244 246 261
1063 2 2 100 1 260 304 305
1064 2 2 100 1 373 371 374
1065 2 2 100 1 189 187 640
1066 2 2 100 1 404 495 654
1067 2 2 100 1 624 620 658
1068 2 2 100 1 208 210 659
1069 2 2 100 1 58 59 143
1070 2 2 100 1 108 109 142
1071 2 2 100 1 305 306 334
1072 2 2 100 1 286 337 338
1073 2 2 100 1 408 222 655
1074 2 2 100 1 420 438 514
1075 2 2 100 1 411 406 652
1076 2 2 100 1 375 374 641
1077 2 2 100 1 522 378 641
1078 2 2 100 1 179 176 657
1079 2 2 100 1 500 528 662
1080 2 2 100 1 342 344 464
1081 2 2 100 1 185 183 645
1082 2 2 100 1 214 295 646
1083 2 2 100 1 422 408 656
1084 2 2 100 1 395 393 648
1085 2 2 100 1 279 208 659
1086 2 2 100 1 269 270 288
1087 2 2 100 1 277 212 646
1088 2 2 100 1 639 279 659
1089 2 2 100 1 670 598 678
1090 2 2 100 1 307 268 670
1091 2 2 100 1 287 654 677
1092 2 2 100 1 182 179 657
1093 2 2 100 1 187 266 640
1094 2 2 100 1 202 189 640
1095 2 2 100 1 183 204 645
1096 2 2 100 1 429 307 670
1097 2 2 100 1 266 185 645
1098 2 2 100 1 210 277 659
1099 2 2 100 1 391 389 653
1100 2 2 100 1 378 375 641
1101 2 2 100 1 406 418 652
1102 2 2 100 1 315 283 663
1103 2 2 100 1 309 308 323
1104 2 2 100 1 236 238 658
1105 2 2 100 1 620 236 658
1106 2 2 100 1 431 429 536
1107 2 2 100 1 228 230 668
1108 2 2 100 1 268 598 670
1109 2 2 100 1 339 338 340
1110 2 2 100 1 255 205 256
1111 2 2 100 1 246 249 650
1112 2 2 100 1 255 256 284
1113 2 2 100 1 286 338 339
1114 2 2 100 1 339 340 443
1115 2 2 100 1 346 367 484
1116 2 2 100 1 337 256 666
1117 2 2 100 1 638 395 648
1118 2 2 100 1 331 182 657
1119 2 2 100 1 284 256 286
1120 2 2 100 1 59 60 667
1121 2 2 100 1 107 108 649
1122 2 2 100 1 463 407 684
1123 2 2 100 1 324 323 665
1124 2 2 100 1 536 670 678
1125 2 2 100 1 260 636 668
1126 2 2 100 1 609 642 680
1127 2 2 100 1 674 199 681
1128 2 2 100 1 336 468 661
1129 2 2 100 1 507 360 661
1130 2 2 100 1 364 435 660
1131 2 2 100 1 393 448 648
1132 2 2 100 1 334 336 661
1133 2 2 100 1 659 277 679
1134 2 2 100 1 449 303 672
1135 2 2 100 1 207 280 681
1136 2 2 100 1 458 657 674
1137 2 2 100 1 448 391 653
1138 2 2 100 1 230 260 668
1139 2 2 100 1 389 529 653
1140 2 2 100 1 444 424 524
1141 2 2 100 1 238 258 658
1142 2 2 100 1 435 447 660
1143 2 2 100 1 288 311 312
1144 2 2 100 1 666 198 682
1145 2 2 100 1 657 176 674
1146 2 2 100 1 249 269 650
1147 2 2 100 1 288 289 311
1148 2 2 100 1 267 228 668
1149 2 2 100 1 386 315 663
1150 2 2 100 1 344 356 664
1151 2 2 100 1 476 364 660
1152 2 2 100 1 175 199 674
1153 2 2 100 1 311 346 673
1154 2 2 100 1 360 334 661
1155 2 2 100 1 323 308 424
1156 2 2 100 1 198 195 682
1157 2 2 100 1 60 61 156
1158 2 2 100 1 106 107 155
1159 2 2 100 1 356 476 664
1160 2 2 100 1 639 659 679
1161 2 2 100 1 312 311 441
1162 2 2 100 1 323 424 444
1163 2 2 100 1 536 429 670
1164 2 2 100 1 407 671 684
1165 2 2 100 1 261 246 650
1166 2 2 100 1 171 168 680
1167 2 2 100 1 642 171 680
1168 2 2 100 1 464 344 664
1169 2 2 100 1 438 437 721
1170 2 2 100 1 195 193 682
1171 2 2 100 1 643 278 671
1172 2 2 100 1 176 175 674
1173 2 2 100 1 598 285 678
1174 2 2 100 1 278 421 671
1175 2 2 100 1 458 674 681
1176 2 2 100 1 405 643 671
1177 2 2 100 1 323 444 665
1178 2 2 100 1 477 324 665
1179 2 2 100 1 627 144 719
1180 2 2 100 1 308 284 669
1181 2 2 100 1 286 339 669
1182 2 2 100 1 654 495 677
1183 2 2 100 1 412 624 675
1184 2 2 100 1 463 684 691
1185 2 2 100 1 495 558 677
1186 2 2 100 1 547 548 704
1187 2 2 100 1 284 286 669
1188 2 2 100 1 168 170 680
1189 2 2 100 1 143 59 667
1190 2 2 100 1 108 142 649
1191 2 2 100 1 441 311 673
1192 2 2 100 1 436 434 724
1193 2 2 100 1 346 484 673
1194 2 2 100 1 258 240 688
1195 2 2 100 1 386 545 699
1196 2 2 100 1 596 601 702
1197 2 2 100 1 602 666 682
1198 2 2 100 1 490 639 679
1199 2 2 100 1 34 157 693
1200 2 2 100 1 194 196 685
1201 2 2 100 1 671 421 684
1202 2 2 100 1 424 308 669
1203 2 2 100 1 492 679 683
1204 2 2 100 1 199 207 681
1205 2 2 100 1 244 261 690
1206 2 2 100 1 600 432 713
1207 2 2 100 1 663 619 689
1208 2 2 100 1 485 612 737
1209 2 2 100 1 386 663 689
1210 2 2 100 1 421 423 684
1211 2 2 100 1 669 339 692
1212 2 2 100 1 191 202 697
1213 2 2 100 1 288 312 676
1214 2 2 100 1 277 646 683
1215 2 2 100 1 700 546 704
1216 2 2 100 1 646 411 683
1217 2 2 100 1 240 242 688
1218 2 2 100 1 60 156 667
1219 2 2 100 1 155 107 649
1220 2 2 100 1 269 288 676
1221 2 2 100 1 457 458 687
1222 2 2 100 1 33 34 693
1223 2 2 100 1 418 471 696
1224 2 2 100 1 636 425 695
1225 2 2 100 1 432 596 708
1226 2 2 100 1 650 269 676
1227 2 2 100 1 438 721 728
1228 2 2 100 1 482 426 705
1229 2 2 100 1 242 244 690
1230 2 2 100 1 736 162 737
1231 2 2 100 1 424 669 692
1232 2 2 100 1 419 454 710
1233 2 2 100 1 577 755 758
1234 2 2 100 1 681 280 687
1235 2 2 100 1 133 33 693
1236 2 2 100 1 619 544 689
1237 2 2 100 1 679 277 683
1238 2 2 100 1 317 386 699
1239 2 2 100 1 684 423 691
1240 2 2 100 1 695 425 701
1241 2 2 100 1 509 523 803
1242 2 2 100 1 688 242 690
1243 2 2 100 1 436 724 730
1244 2 2 100 1 493 492 698
1245 2 2 100 1 683 411 698
1246 2 2 100 1 426 422 701
1247 2 2 100 1 135 561 716
1248 2 2 100 1 682 193 697
1249 2 2 100 1 339 443 692
1250 2 2 100 1 84 85 706
1251 2 2 100 1 423 446 691
1252 2 2 100 1 596 702 708
1253 2 2 100 1 458 681 687
1254 2 2 100 1 261 650 686
1255 2 2 100 1 492 683 698
1256 2 2 100 1 482 705 709
1257 2 2 100 1 381 350 700
1258 2 2 100 1 524 424 692
1259 2 2 100 1 16 138 703
1260 2 2 100 1 472 427 694
1261 2 2 100 1 650 676 686
1262 2 2 100 1 267 668 695
1263 2 2 100 1 234 231 714
1264 2 2 100 1 656 267 695
1265 2 2 100 1 602 682 697
1266 2 2 100 1 193 191 697
1267 2 2 100 1 600 713 718
1268 2 2 100 1 690 261 710
1269 2 2 100 1 668 636 695
1270 2 2 100 1 227 251 715
1271 2 2 100 1 319 317 699
1272 2 2 100 1 656 695 701
1273 2 2 100 1 652 418 696
1274 2 2 100 1 374 712 732
1275 2 2 100 1 411 652 698
1276 2 2 100 1 129 518 749
1277 2 2 100 1 697 202 702
1278 2 2 100 1 740 321 742
1279 2 2 100 1 718 433 722
1280 2 2 100 1 352 381 711
1281 2 2 100 1 466 527 725
1282 2 2 100 1 559 496 750
1283 2 2 100 1 426 701 705
1284 2 2 100 1 432 708 713
1285 2 2 100 1 374 371 712
1286 2 2 100 1 527 382 725
1287 2 2 100 1 164 466 720
1288 2 2 100 1 319 699 700
1289 2 2 100 1 350 319 700
1290 2 2 100 1 454 690 710
1291 2 2 100 1 610 611 725
1292 2 2 100 1 627 719 806
1293 2 2 100 1 434 357 722
1294 2 2 100 1 430 593 731
1295 2 2 100 1 601 602 702
1296 2 2 100 1 464 664 777
1297 2 2 100 1 15 16 703
1298 2 2 100 1 467 428 731
1299 2 2 100 1 422 656 701
1300 2 2 100 1 645 433 718
1301 2 2 100 1 166 164 720
1302 2 2 100 1 566 475 707
1303 2 2 100 1 131 84 706
1304 2 2 100 1 425 387 705
1305 2 2 100 1 602 697 702
1306 2 2 100 1 730 644 740
1307 2 2 100 1 546 547 704
1308 2 2 100 1 43 629 729
1309 2 2 100 1 702 202 708
1310 2 2 100 1 660 151 810
1311 2 2 100 1 119 42 729
1312 2 2 100 1 47 48 733
1313 2 2 100 1 523 145 803
1314 2 2 100 1 91 633 741
1315 2 2 100 1 705 387 709
1316 2 2 100 1 701 425 705
1317 2 2 100 1 142 592 717
1318 2 2 100 1 716 438 728
1319 2 2 100 1 126 90 741
1320 2 2 100 1 202 640 708
1321 2 2 100 1 387 473 709
1322 2 2 100 1 354 352 711
1323 2 2 100 1 105 106 734
1324 2 2 100 1 61 62 736
1325 2 2 100 1 431 556 717
1326 2 2 100 1 371 354 712
1327 2 2 100 1 553 234 738
1328 2 2 100 1 573 575 805
1329 2 2 100 1 712 550 732
1330 2 2 100 1 575 365 805
1331 2 2 100 1 516 442 742
1332 2 2 100 1 354 711 712
1333 2 2 100 1 592 431 717
1334 2 2 100 1 777 664 796
1335 2 2 100 1 450 538 764
1336 2 2 100 1 117 118 743
1337 2 2 100 1 261 686 710
1338 2 2 100 1 513 79 795
1339 2 2 100 1 600 718 722
1340 2 2 100 1 550 553 732
1341 2 2 100 1 652 696 726
1342 2 2 100 1 708 640 713
1343 2 2 100 1 464 582 760
1344 2 2 100 1 714 229 715
1345 2 2 100 1 640 266 713
1346 2 2 100 1 77 125 745
1347 2 2 100 1 231 229 714
1348 2 2 100 1 116 153 744
1349 2 2 100 1 457 644 730
1350 2 2 100 1 140 115 744
1351 2 2 100 1 696 131 726
1352 2 2 100 1 434 722 724
1353 2 2 100 1 631 140 764
1354 2 2 100 1 229 227 715
1355 2 2 100 1 686 676 721
1356 2 2 100 1 713 266 718
1357 2 2 100 1 514 438 716
1358 2 2 100 1 437 686 721
1359 2 2 100 1 436 730 740
1360 2 2 100 1 582 464 777
1361 2 2 100 1 120 14 746
1362 2 2 100 1 266 645 718
1363 2 2 100 1 732 553 738
1364 2 2 100 1 83 131 748
1365 2 2 100 1 716 728 739
1366 2 2 100 1 524 692 723
1367 2 2 100 1 17 18 747
1368 2 2 100 1 121 590 751
1369 2 2 100 1 493 698 726
1370 2 2 100 1 439 399 749
1371 2 2 100 1 572 135 739
1372 2 2 100 1 528 502 719
1373 2 2 100 1 517 533 727
1374 2 2 100 1 170 166 720
1375 2 2 100 1 157 3 751
1376 2 2 100 1 357 600 722
1377 2 2 100 1 128 56 750
1378 2 2 100 1 719 502 806
1379 2 2 100 1 382 610 725
1380 2 2 100 1 3 35 751
1381 2 2 100 1 721 312 728
1382 2 2 100 1 433 332 724
1383 2 2 100 1 40 41 752
1384 2 2 100 1 676 312 721
1385 2 2 100 1 131 696 748
1386 2 2 100 1 42 43 729
1387 2 2 100 1 724 332 730
1388 2 2 100 1 692 443 723
1389 2 2 100 1 332 457 730
1390 2 2 100 1 312 441 728
1391 2 2 100 1 15 703 746
1392 2 2 100 1 428 430 731
1393 2 2 100 1 147 534 759
1394 2 2 100 1 461 503 756
1395 2 2 100 1 365 577 758
1396 2 2 100 1 154 47 733
1397 2 2 100 1 605 316 758
1398 2 2 100 1 152 75 757
1399 2 2 100 1 641 374 732
1400 2 2 100 1 698 652 726
1401 2 2 100 1 318 365 758
1402 2 2 100 1 149 560 763
1403 2 2 100 1 106 155 734
1404 2 2 100 1 156 61 736
1405 2 2 100 1 644 321 740
1406 2 2 100 1 129 749 786
1407 2 2 100 1 612 459 769
1408 2 2 100 1 722 433 724
1409 2 2 100 1 734 155 735
1410 2 2 100 1 634 128 766
1411 2 2 100 1 81 82 762
1412 2 2 100 1 641 732 738
1413 2 2 100 1 522 641 738
1414 2 2 100 1 409 455 766
1415 2 2 100 1 526 465 770
1416 2 2 100 1 132 526 789
1417 2 2 100 1 90 91 741
1418 2 2 100 1 5 63 787
1419 2 2 100 1 104 6 788
1420 2 2 100 1 442 436 740
1421 2 2 100 1 342 464 760
1422 2 2 100 1 590 604 768
1423 2 2 100 1 443 340 760
1424 2 2 100 1 62 5 787
1425 2 2 100 1 6 105 788
1426 2 2 100 1 551 552 779
1427 2 2 100 1 122 20 765
1428 2 2 100 1 581 582 777
1429 2 2 100 1 511 539 803
1430 2 2 100 1 691 446 761
1431 2 2 100 1 707 122 765
1432 2 2 100 1 744 153 798
1433 2 2 100 1 153 117 743
1434 2 2 100 1 13 120 772
1435 2 2 100 1 320 388 771
1436 2 2 100 1 552 445 808
1437 2 2 100 1 559 750 801
1438 2 2 100 1 696 471 748
1439 2 2 100 1 577 576 752
1440 2 2 100 1 592 142 778
1441 2 2 100 1 617 618 792
1442 2 2 100 1 351 573 805
1443 2 2 100 1 115 116 744
1444 2 2 100 1 365 349 805
1445 2 2 100 1 39 40 782
1446 2 2 100 1 142 109 778
1447 2 2 100 1 22 132 789
1448 2 2 100 1 80 136 795
1449 2 2 100 1 78 79 794
1450 2 2 100 1 510 470 798
1451 2 2 100 1 48 4 790
1452 2 2 100 1 4 49 790
1453 2 2 100 1 145 11 793
1454 2 2 100 1 76 77 745
1455 2 2 100 1 507 661 773
1456 2 2 100 1 18 19 797
1457 2 2 100 1 664 476 796
1458 2 2 100 1 14 15 746
1459 2 2 100 1 566 707 770
1460 2 2 100 1 560 723 763
1461 2 2 100 1 728 441 739
1462 2 2 100 1 156 736 737
1463 2 2 100 1 135 716 739
1464 2 2 100 1 58 143 801
1465 2 2 100 1 572 739 754
1466 2 2 100 1 118 1 791
1467 2 2 100 1 1 7 791
1468 2 2 100 1 779 552 797
1469 2 2 100 1 122 707 779
1470 2 2 100 1 155 649 775
1471 2 2 100 1 571 572 754
1472 2 2 100 1 137 616 804
1473 2 2 100 1 707 475 779
1474 2 2 100 1 694 504 774
1475 2 2 100 1 147 759 781
1476 2 2 100 1 158 21 789
1477 2 2 100 1 138 17 747
1478 2 2 100 1 110 593 778
1479 2 2 100 1 796 476 810
1480 2 2 100 1 82 83 748
1481 2 2 100 1 399 599 749
1482 2 2 100 1 630 455 784
1483 2 2 100 1 739 441 754
1484 2 2 100 1 56 57 750
1485 2 2 100 1 479 478 775
1486 2 2 100 1 557 138 808
1487 2 2 100 1 569 147 781
1488 2 2 100 1 35 121 751
1489 2 2 100 1 467 731 785
1490 2 2 100 1 737 162 809
1491 2 2 100 1 76 745 757
1492 2 2 100 1 519 133 774
1493 2 2 100 1 488 744 798
1494 2 2 100 1 41 119 752
1495 2 2 100 1 747 552 808
1496 2 2 100 1 625 159 753
1497 2 2 100 1 456 719 784
1498 2 2 100 1 571 754 767
1499 2 2 100 1 463 691 776
1500 2 2 100 1 441 673 754
1501 2 2 100 1 478 735 775
1502 2 2 100 1 635 538 785
1503 2 2 100 1 481 605 755
1504 2 2 100 1 606 143 769
1505 2 2 100 1 148 571 767
1506 2 2 100 1 531 461 756
1507 2 2 100 1 143 667 769
1508 2 2 100 1 569 781 800
1509 2 2 100 1 476 660 810
1510 2 2 100 1 75 76 757
1511 2 2 100 1 731 127 785
1512 2 2 100 1 723 443 763
1513 2 2 100 1 749 599 786
1514 2 2 100 1 316 318 758
1515 2 2 100 1 570 569 800
1516 2 2 100 1 649 142 807
1517 2 2 100 1 136 761 795
1518 2 2 100 1 754 673 767
1519 2 2 100 1 626 154 780
1520 2 2 100 1 719 144 784
1521 2 2 100 1 478 477 759
1522 2 2 100 1 136 81 762
1523 2 2 100 1 455 456 784
1524 2 2 100 1 340 342 760
1525 2 2 100 1 446 513 761
1526 2 2 100 1 582 149 763
1527 2 2 100 1 775 649 807
1528 2 2 100 1 2 158 765
1529 2 2 100 1 750 57 801
1530 2 2 100 1 603 450 764
1531 2 2 100 1 535 148 783
1532 2 2 100 1 20 2 765
1533 2 2 100 1 148 767 783
1534 2 2 100 1 494 409 766
1535 2 2 100 1 753 159 806
1536 2 2 100 1 626 780 799
1537 2 2 100 1 604 472 768
1538 2 2 100 1 142 717 807
1539 2 2 100 1 471 463 776
1540 2 2 100 1 162 535 809
1541 2 2 100 1 465 566 770
1542 2 2 100 1 459 606 769
1543 2 2 100 1 538 467 785
1544 2 2 100 1 717 479 807
1545 2 2 100 1 133 694 774
1546 2 2 100 1 593 592 778
1547 2 2 100 1 673 484 767
1548 2 2 100 1 321 320 771
1549 2 2 100 1 742 321 771
1550 2 2 100 1 759 477 781
1551 2 2 100 1 12 13 772
1552 2 2 100 1 618 742 771
1553 2 2 100 1 124 581 777
1554 2 2 100 1 141 626 799
1555 2 2 100 1 661 468 773
1556 2 2 100 1 743 118 791
1557 2 2 100 1 474 629 811
1558 2 2 100 1 109 110 778
1559 2 2 100 1 767 484 783
1560 2 2 100 1 475 551 779
1561 2 2 100 1 7 525 791
1562 2 2 100 1 501 499 780
1563 2 2 100 1 733 48 790
1564 2 2 100 1 141 799 811
1565 2 2 100 1 12 772 793
1566 2 2 100 1 161 104 788
1567 2 2 100 1 63 162 787
1568 2 2 100 1 124 777 796
1569 2 2 100 1 477 665 781
1570 2 2 100 1 139 39 782
1571 2 2 100 1 144 630 784
1572 2 2 100 1 599 469 786
1573 2 2 100 1 127 635 785
1574 2 2 100 1 154 733 802
1575 2 2 100 1 484 485 783
1576 2 2 100 1 780 499 799
1577 2 2 100 1 21 22 789
1578 2 2 100 1 735 155 775
1579 2 2 100 1 122 779 797
1580 2 2 100 1 49 625 790
1581 2 2 100 1 616 617 792
1582 2 2 100 1 125 78 794
1583 2 2 100 1 11 12 793
1584 2 2 100 1 629 141 811
1585 2 2 100 1 79 80 795
1586 2 2 100 1 597 124 796
1587 2 2 100 1 539 509 803
1588 2 2 100 1 781 665 800
1589 2 2 100 1 736 62 787
1590 2 2 100 1 105 734 788
1591 2 2 100 1 470 488 798
1592 2 2 100 1 388 489 804
1593 2 2 100 1 499 497 799
1594 2 2 100 1 597 796 810
1595 2 2 100 1 19 122 797
1596 2 2 100 1 799 497 811
1597 2 2 100 1 57 58 801
1598 2 2 100 1 445 557 808
1599 2 2 100 1 349 351 805
1600 2 2 100 1 151 597 810
1601 2 2 100 1 497 474 811
1602 2 2 100 1 159 627 806
1603 2 2 100 1 665 444 800
1604 2 2 100 1 138 747 808
1605 2 2 100 1 625 733 790
1606 2 2 100 1 525 743 791
1607 2 2 100 1 535 783 809
1608 2 2 100 1 734 161 788
1609 2 2 100 1 162 736 787
1610 2 2 100 1 762 471 776
1611 2 2 100 1 479 775 807
1612 2 2 100 1 783 485 809
1613 2 2 100 1 136 762 776
1614 2 2 100 1 485 737 809
1615 2 2 100 1 753 501 802
1616 2 2 100 1 761 513 795
1617 2 2 100 1 501 780 802
1618 2 2 100 1 792 388 804
1619 2 2 100 1 780 154 802
1620 2 2 100 1 616 792 804
$EndElements
