$MeshFormat
2.2 0 8
$EndMeshFormat
$PhysicalNames
4
1 1 "Inlet"
1 2 "Outlet"
1 3 "Inviscid_Wall"
2 4 "Domain"
$EndPhysicalNames
$Nodes
835
1 0 0 0
2 1 0 0
3 2.2 -0.3215390309173473 0
4 2.2 1 0
5 0 1 0
6 0.1496158661295886 0 0
7 0.2931480246215681 0 0
8 0.4128855755464012 0 0
9 0.511622990916082 0 0
10 0.5930433998297437 0 0
11 0.6601839102530128 0 0
12 0.7155490063115838 0 0
13 0.7612039145130752 0 0
14 0.7988516586078376 0 0
15 0.829896566149709 0 0
16 0.8554966684002259 0 0
17 0.8766069118047758 0 0
18 0.8940147416420954 0 0
19 0.9083695036441763 0 0
20 0.9202066617887479 0 0
21 0.9299677658552613 0 0
22 0.9380169215152151 0 0
23 0.9446543785961568 0 0
24 0.9501280446232405 0 0
25 0.9551152401609164 0 0
26 0.9601024356985924 0 0
27 0.9650896312362683 0 0
28 0.9700768267739442 0 0
29 0.9750640223116203 0 0
30 0.9800512178492962 0 0
31 0.9850384133869722 0 0
32 0.9900256089246481 0 0
33 0.9950128044623241 0 0
34 1.004758162599718 -0.001274945826050511 0
35 1.009516325199436 -0.002549891652100859 0
36 1.014274487799134 -0.003824837478145873 0
37 1.019032650398832 -0.005099783304190889 0
38 1.02379081299853 -0.00637472913023591 0
39 1.028548975598228 -0.007649674956280928 0
40 1.033307138197926 -0.008924620782325938 0
41 1.038065300797623 -0.01019956660837094 0
42 1.042823463397324 -0.01147451243441667 0
43 1.047581625997042 -0.01274945826046701 0
44 1.052685431854912 -0.01411701891840865 0
45 1.058847872781918 -0.01576823998820433 0
46 1.066303323099435 -0.0177659218799935 0
47 1.07532308506816 -0.02018275981543418 0
48 1.08623538247456 -0.02310670109304724 0
49 1.099437310773106 -0.02664414711917645 0
50 1.115409280470733 -0.03092382350118975 0
51 1.134732504965992 -0.03610146589985981 0
52 1.158110153954463 -0.04236548806725892 0
53 1.18639291955761 -0.04994383227034094 0
54 1.220610007578092 -0.05911227337277368 0
55 1.262006564549737 -0.0702044473827548 0
56 1.31208899590522 -0.08362399441944357 0
57 1.372679763061561 -0.09985924154776737 0
58 1.445983758966359 -0.1195009880524323 0
59 1.534668469978564 -0.1432639847491402 0
60 1.641961118490018 -0.1720129632715807 0
61 1.771766012312717 -0.2067940797449805 0
62 1.914510244017219 -0.2450422813544028 0
63 2.057255122008778 -0.28329065613592 0
64 2.2 -0.1747013608156998 0
65 2.2 -0.02786369071420303 0
66 2.2 0.1189739793872789 0
67 2.2 0.2658116494887259 0
68 2.2 0.4126493195906499 0
69 2.2 0.5594869896929426 0
70 2.2 0.7063246597953822 0
71 2.2 0.8531623298976146 0
72 2.053333333333576 1 0
73 1.906666666667068 1 0
74 1.760000000000754 1 0
75 1.613333333334651 1 0
76 1.466666666668502 1 0
77 1.320000000002298 1 0
78 1.173333333336018 1 0
79 1.026666666669333 1 0
80 0.8800000000023234 1 0
81 0.7333333333352696 1 0
82 0.5866666666682161 1 0
83 0.4400000000012059 1 0
84 0.2933333333341521 1 0
85 0.1466666666672514 1 0
86 0 0.8571428571424611 0
87 0 0.7142857142863099 0
88 0 0.5714285714301588 0
89 0 0.4285714285732146 0
90 0 0.2857142857154765 0
91 0 0.1428571428577383 0
92 1.041548517571278 -0.006716349834717314 0
93 1.00293823338885 0.003561170127726867 0
94 0.9526803374701796 0.004641834085425475 0
95 1.095634209398199 -0.01443365807957423 0
96 0.9014239106417389 0.01130308985482231 0
97 0.817016201201903 0.02279863845798173 0
98 1.176380969320489 -0.02514127433241867 0
99 0.9725704245427829 0.004319038029267724 0
100 0.6890461850076219 0.04343556443878238 0
101 1.300005838208179 -0.03451674929091227 0
102 1.507484307964639 -0.06126015582933218 0
103 0.934125557191674 0.006333725781038108 0
104 1.057680919272871 -0.008935658597272212 0
105 1.027180965141205 -0.002495198096683964 0
106 1.084670946456542 0.8858545714280668 0
107 0.128126684919487 0.5010264595488209 0
108 0.655087824507717 0.882095051585307 0
109 1.531839344318354 0.8940061961657265 0
110 2.072834847459422 0.3392304845396879 0
111 0.469608364167334 0.08361223957134813 0
112 0.8665253905675658 0.01496928835812607 0
113 1.128673199451378 -0.01821368766901137 0
114 1.07185640388918 -0.01033871396232599 0
115 0.9633532213453291 0.004245476439644033 0
116 1.720111214452087 -0.08743097602062486 0
117 2.072834847458922 0.6329058247441627 0
118 0.3674600695406934 0.8729612195171811 0
119 1.820734736253329 0.8626522521530774 0
120 2.074750376494633 0.0490195879950469 0
121 0.2213819453755784 0.1139991282009535 0
122 0.1267274707662201 0.7670069549300714 0
123 2.016982284164084 -0.1480140429616925 0
124 0.9413356500556868 0.005244270139955381 0
125 0.9395961334966134 0.01244703253560713 0
126 0.914288082716461 0.009352321876198518 0
127 0.9102087919760048 0.02133346578577562 0
128 0.9307569688289755 0.01364415322704104 0
129 0.9360338265041677 0.01979825763155126 0
130 0.8952388544876331 0.02422894435367204 0
131 0.9039768627630669 0.0353030876680458 0
132 0.927547475345565 0.02148634654096806 0
133 0.9329984767005177 0.02822576159561699 0
134 0.923979872623564 0.03025933475225901 0
135 0.7383764604123298 0.03607110654558893 0
136 0.7254112068029821 0.08218887611153231 0
137 0.6671923382755092 0.09296459855675286 0
138 0.7029729169776908 0.1354470388640089 0
139 0.7568315169764772 0.1247383227871392 0
140 0.738428477128628 0.1763093811606076 0
141 0.7902558774438005 0.1661057593379997 0
142 0.7729399188706654 0.2156958351145742 0
143 0.8198570523250046 0.2057103063254568 0
144 0.9304696390022501 0.03901752810721058 0
145 0.7200613010799323 0.2286521191276547 0
146 0.8071123281475704 0.2544256830438856 0
147 0.8609605945972365 0.2368641379146221 0
148 0.8421558351852603 0.2943328603150383 0
149 0.8942274996717259 0.2814279704004084 0
150 0.9140911859700667 0.2341502391567214 0
151 0.9434512294433578 0.2705088255090686 0
152 0.9583390862991181 0.2273210516358052 0
153 0.986316836496152 0.2577254504760997 0
154 0.9977968598569291 0.2191136847996036 0
155 1.026268324936697 0.2462981147012764 0
156 1.03550809231028 0.2047745183410833 0
157 1.066248402844822 0.2383013225949143 0
158 1.075673865804408 0.2003061485602639 0
159 1.10518373312146 0.2292645900217677 0
160 1.095437384463616 0.2710168112112311 0
161 1.138278403947524 0.2606600292026785 0
162 0.9817405819008321 0.310585903271331 0
163 1.053031328066458 0.1728093093335218 0
164 1.081385402612662 0.1654579771072833 0
165 1.060754546624159 0.1449210043972521 0
166 1.035665988534677 0.1495450246405879 0
167 1.043820416008952 0.1239855286667038 0
168 1.066915109428751 0.123336425881007 0
169 1.021902729518387 0.1301492595566808 0
170 1.026430927842881 0.1101503867281199 0
171 1.008942304312413 0.114503505246883 0
172 1.014225183448735 0.09833386323380178 0
173 0.999483445897604 0.1011211375742959 0
174 1.005406158108998 0.0874076644716032 0
175 1.017366896646353 0.08453952241396663 0
176 1.009648040150452 0.07596539798974057 0
177 1.019725801711854 0.07330723904884674 0
178 1.012809139678569 0.06634770276787931 0
179 1.021542880342814 0.06273220936201794 0
180 1.003738215719392 0.06816104041870626 0
181 1.00686117399349 0.05903112405017517 0
182 0.9994112083654075 0.06118501132880065 0
183 1.001627567535417 0.05438188387872731 0
184 0.9952726604031827 0.05572619861997552 0
185 0.9973237134115338 0.05017999266376083 0
186 1.00278951968258 0.04879906679311051 0
187 0.9876240047447492 0.004206783170547758 0
188 0.9916153731051249 0.05101099687961275 0
189 0.9894475852037223 0.05639804243193102 0
190 0.9993958988865825 0.04517328548870667 0
191 1.004292839572944 0.04399914190065479 0
192 0.98574633265772 0.05156497066873647 0
193 0.9834414157395288 0.05721644381137431 0
194 1.000859203651902 0.04037348740356922 0
195 1.005727870520359 0.03921636080040242 0
196 1.002300002764939 0.03558745056733256 0
197 1.007164843110882 0.03443630025245756 0
198 0.9798766048456817 0.05226830916851552 0
199 0.9768301486370399 0.05811147001427058 0
200 0.9822659636207596 0.04694221806456508 0
201 0.9768725658501849 0.04731262082914089 0
202 0.9791117510795072 0.04263828661906481 0
203 1.126975143926903 0.3111358174365392 0
204 1.182944615396392 0.2880237571577657 0
205 0.9740512355111666 0.04292109997679614 0
206 0.976257156414843 0.03842550187916936 0
207 0.9713748488224847 0.03859787459907645 0
208 0.9696449957923288 0.04246995394159308 0
209 1.010594459024041 0.03806511071897116 0
210 1.012030094290324 0.03328352198590875 0
211 1.01546173223734 0.03692011064727502 0
212 1.016895544247272 0.0321314353161787 0
213 1.020327243936092 0.03576815837526735 0
214 1.021760762720509 0.03097832481178791 0
215 1.025192423940215 0.03461487696784756 0
216 1.026625887381911 0.02982482187819308 0
217 1.030057533067931 0.03346130868685985 0
218 1.031490984720466 0.02867120576392036 0
219 1.034922625853118 0.03230767370810182 0
220 1.036361084996536 0.02751064117685562 0
221 1.039817209565539 0.03121224574184701 0
222 1.041253646318068 0.02633325322234771 0
223 1.045089605433045 0.03003175229299016 0
224 1.043461285825002 0.03519736619829973 0
225 1.049217462995468 0.03406091276743872 0
226 1.04755202377915 0.04021758692690209 0
227 1.054423233515182 0.03868963437097762 0
228 1.052258781537152 0.04608076397615789 0
229 1.060357224441947 0.04422779222767589 0
230 1.04637412520911 0.02499312421381129 0
231 1.023194291884399 0.02618854502834749 0
232 0.9736090925286591 0.03416936620713966 0
233 1.061898914878164 0.03656712569787919 0
234 1.069212926499361 0.04189642602625558 0
235 1.166042220784473 0.3553051987677294 0
236 1.229633990442225 0.3396671465889468 0
237 0.9686905612917023 0.03436519015954388 0
238 1.247567685138425 0.2728992556454352 0
239 1.297712536407846 0.3220864978473067 0
240 1.037787361148535 0.02271761499262441 0
241 1.003734017099779 0.03080126363934938 0
242 1.311030369163392 0.252367963974644 0
243 1.364472304543804 0.2944148006882104 0
244 0.9786205151748544 0.03424990045078527 0
245 1.070069944983479 0.03175924114436047 0
246 1.079400277150957 0.04022560046177892 0
247 1.028989613872842 0.07002434048103164 0
248 1.057708913425788 0.05247338821125517 0
249 0.9929213767960842 0.1166748906314234 0
250 1.274940714904549 0.3981336679314481 0
251 0.970915110640548 0.02995561342876727 0
252 0.9659245999284165 0.03019740482440646 0
253 0.9825775281457971 0.1012862874642894 0
254 0.9761022070289551 0.1181966729765701 0
255 0.9661327191397021 0.1045072004085898 0
256 0.9587699353141608 0.1208339000675031 0
257 0.947814955395014 0.1061298831257212 0
258 0.8782493432555216 0.3374953160092906 0
259 0.8188126069566264 0.3505254103132369 0
260 0.8662984403072072 0.4039641340650274 0
261 0.7848506747071184 0.4158126205171634 0
262 0.9400037173513743 0.1235744750488941 0
263 0.9293047462702472 0.1078647532618048 0
264 0.8407203684234558 0.4796357244018337 0
265 1.028611545034013 0.03819854371197798 0
266 0.9682016283388777 0.02575700683391666 0
267 0.9632065021562762 0.02600062923706953 0
268 0.9609220233601119 0.03049882788481336 0
269 1.255282976947691 0.2060711270162364 0
270 1.321127244771532 0.1859089399638441 0
271 1.018893806628362 0.0405583198496389 0
272 1.013464099761907 0.02849539956715096 0
273 0.9731917685379232 0.0255169344101457 0
274 0.9988704522266413 0.03195321273931095 0
275 1.000303175261263 0.02716516209783929 0
276 0.6428446189024404 0.1490807189309241 0
277 0.9811486468762556 0.06385573050049956 0
278 0.9735814262563605 0.06487402563838439 0
279 1.044779492192998 0.04696804847312042 0
280 0.9954378379931109 0.02831873153768229 0
281 0.9968717829801685 0.02352883030670336 0
282 1.001736993741098 0.02237573723315039 0
283 0.9920065094547484 0.02468207491282625 0
284 0.7560687858161044 0.4971434345460614 0
285 0.9196235397119703 0.1269280814447124 0
286 0.9084198105659052 0.1057333287912593 0
287 1.082291203355195 0.02849949382483796 0
288 1.092356980468454 0.03658556057674676 0
289 1.088279454367673 0.05026270306020195 0
290 1.10207027302273 0.04618773618919046 0
291 1.098307579860077 0.06117814166918423 0
292 1.114869360046463 0.05753986632363549 0
293 1.109707390887804 0.07351068457841499 0
294 1.129984364097121 0.07001021109166773 0
295 1.27190764880304 0.1467501156467102 0
296 1.133432641603612 0.04868482357075844 0
297 1.151852256978135 0.06478707350556505 0
298 1.142078077308448 0.09040117867610906 0
299 0.9246265354209673 0.4601638854248957 0
300 0.6938635698024429 0.4224611712108997 0
301 0.6574260334930038 0.5162082021847098 0
302 0.5912134225038486 0.4312985615447618 0
303 0.9582108220980198 0.02625329929005432 0
304 0.9559226223840341 0.03069170418817776 0
305 1.32978626862795 0.1261727780920281 0
306 1.383398612615004 0.1633127809371627 0
307 0.9604969865289963 0.02179992706190072 0
308 0.9843822258363382 0.04119676737592944 0
309 0.9983057398423154 0.01873897330358484 0
310 0.8992957126847282 0.5470625006738509 0
311 0.9895563417074955 0.5241503266946448 0
312 0.9704850810401779 0.02131288590910962 0
313 0.9753590734508428 0.02100893659672483 0
314 0.9397426274700018 0.09040816894905938 0
315 1.003170952668795 0.01758588802368028 0
316 0.986424575417997 0.1327262088209192 0
317 1.094484625384423 0.02408414592059465 0
318 0.9522826709276809 0.1396314798717655 0
319 0.9554970848488742 0.02204666186393606 0
320 1.073485390379548 0.02126843570608904 0
321 1.008459410529866 0.04810194845305921 0
322 0.5482612878970961 0.5377886749386711 0
323 0.8954870107778252 0.1322356488560242 0
324 0.8822924855297485 0.1102678434417944 0
325 0.91117787949454 0.1489342284988974 0
326 1.172555619391174 0.08273612968854509 0
327 1.165349902994272 0.1117361029532186 0
328 1.179715316474276 0.05408309011993673 0
329 0.9577879490063559 0.01758978796775597 0
330 0.4786964563045054 0.4437943688408451 0
331 0.9586722289010915 0.03540544347152307 0
332 0.9528333510709166 0.03567246882372761 0
333 0.956136594506003 0.0407972744116258 0
334 0.9690898397215212 0.05840976113127633 0
335 0.9652749187753403 0.06584518115247322 0
336 0.9784323219982194 0.07172758729314113 0
337 0.8924373694888625 0.08765826593333678 0
338 0.868421404323749 0.08988573060369792 0
339 1.157812107984566 0.2123422592220865 0
340 0.9905725317848636 0.02947199607785495 0
341 0.9606417387180657 0.05874889810584134 0
342 0.9494945065779746 0.04118633673729052 0
343 0.418095398151283 0.5375353167493859 0
344 1.203826789887957 0.07483345442526487 0
345 1.210977998564028 0.04153960283660837 0
346 0.9872857570495533 0.02569887446415305 0
347 0.9888103229289948 0.02108566146106906 0
348 1.082396689522007 0.06619691817151835 0
349 0.972751355794336 0.01685657250421835 0
350 0.9776224911836102 0.01655058936591584 0
351 0.9528521664639179 0.01778490175063756 0
352 0.9504754751425047 0.02230540170590231 0
353 0.5310436391108799 0.3303530223299176 0
354 0.9558196200810212 0.06751733091637949 0
355 1.102364404340774 0.368357765564495 0
356 1.141875974886597 0.4213465863300605 0
357 0.4105267236723623 0.3464781331527326 0
358 0.9958413604305084 0.04142889747231916 0
359 0.9997223233896961 0.01377763238373373 0
360 0.964990181867478 0.621347681874052 0
361 1.061363139782824 0.5893816202302672 0
362 0.8626063090211409 0.6470872197499818 0
363 0.8671824755340118 0.1329914189255707 0
364 1.394746258787349 0.09564026984370988 0
365 1.455118276954176 0.1464398940058426 0
366 0.9512465955361162 0.05770058341570764 0
367 1.240277311313271 0.06657573956245677 0
368 0.87807988856374 0.06922284767244187 0
369 0.8529230624540417 0.06855520964510173 0
370 0.8418756891437413 0.09284010500352907 0
371 0.9615299538499527 0.07396159864692782 0
372 1.030535591149407 0.06098935891582875 0
373 1.037791458998284 0.06701383337395517 0
374 1.036484400755159 0.07698002901690673 0
375 1.046653066316579 0.07357003843231935 0
376 1.044773645240614 0.08571477004864321 0
377 1.05693051546726 0.08154699257491699 0
378 1.02495166258657 0.05508770913733034 0
379 1.134985512970192 0.1196947069943785 0
380 1.004587174876314 0.01259672510791712 0
381 1.012778372419018 0.00121402437195547 0
382 1.008033202792703 0.01639960525391605 0
383 1.009469236528198 0.01160487962863598 0
384 1.012901144924152 0.01527539107716381 0
385 1.014335182382458 0.01048271003027835 0
386 1.017766528232423 0.0141247179494877 0
387 1.019200549982787 0.009335168592236579 0
388 1.022631818672912 0.01297351238911588 0
389 1.0240658057295 0.008183309775456062 0
390 1.027496748994648 0.01181915617600199 0
391 1.028894301403746 0.00687543838238564 0
392 1.03235597767641 0.01063988239515285 0
393 1.033752401536333 0.005692179869699578 0
394 1.03721929945229 0.009478606011462403 0
395 1.038669974730007 0.004759924849496861 0
396 1.042092695112405 0.008361106486902923 0
397 1.043545282278885 0.003649564774997417 0
398 1.046968013755925 0.007250611571368843 0
399 1.048396690658928 0.002438220751107707 0
400 1.051986949782715 0.006016605235995622 0
401 1.050468476603557 0.01113057635335864 0
402 1.055726137817977 0.009826179337378 0
403 1.057479387368827 0.004246194587018155 0
404 1.054174803895682 0.01527823027762535 0
405 1.06196486648113 0.008707017347956982 0
406 0.9872377179780628 0.06887020958840749 0
407 0.9948716022518935 0.01507358712835362 0
408 0.9627829995213998 0.0173517665583831 0
409 1.02606162375882 0.01660903077393827 0
410 1.016332246743773 0.01891544330017909 0
411 1.040610787987297 0.01312982463715551 0
412 0.9963084927827791 0.0103122130767279 0
413 1.063885472277263 0.001931290490134676 0
414 1.03545975412541 0.0009384541822615528 0
415 1.069239898461356 0.007368699940573276 0
416 0.9841684982261865 0.0791110044513411 0
417 0.9457166263284871 0.06793320564402361 0
418 0.9397884639560905 0.05894926244037826 0
419 0.900849935620426 0.06751825644342337 0
420 1.020672971828196 0.004323368029222335 0
421 1.156755199824794 0.1441914222059792 0
422 0.9551155471305967 0.01337579780834199 0
423 0.9497764703903373 0.01291404624604013 0
424 0.9342244749525808 0.06874337836769859 0
425 0.9275839622802664 0.05906104647272019 0
426 0.9788438016474563 0.02493395389999924 0
427 1.19056108403592 0.1349338859594965 0
428 1.031905334652218 0.05310761332496084 0
429 0.630525900127421 0.6327930316981483 0
430 0.8891509235731778 0.03860900716242056 0
431 0.9911894550017457 0.011490735775277 0
432 1.026550477296993 0.04864287200601577 0
433 1.02083986000079 0.0497695126951765 0
434 1.033284831863323 0.04605603374490998 0
435 0.9702725044788971 0.1924972385869909 0
436 1.247099061944549 0.02541858207623846 0
437 1.28012946279803 0.05197752793310793 0
438 1.013775399707784 0.1527921654011103 0
439 0.9750355878532871 0.01250539546994874 0
440 0.9800244604924196 0.01217951716504662 0
441 0.9700616066296746 0.01277466496835882 0
442 0.5997304716063967 0.1032298220222081 0
443 0.5735820206397545 0.1638349204579379 0
444 0.945954272203381 0.03537217126961956 0
445 0.9429795095864368 0.7320483639668273 0
446 0.935012154642084 0.1985254236180483 0
447 0.89471695436508 0.1977578179761977 0
448 0.8245400851004742 0.06953444410623644 0
449 1.048883799587902 0.01607016588231019 0
450 0.6185375975272804 0.2101601756066105 0
451 0.9858782842558886 0.03008107605766056 0
452 0.9891384371933014 0.03394954351086243 0
453 0.8131393215460972 0.09557515167765708 0
454 0.7916186628778629 0.06871012664782328 0
455 1.054120610663582 0.09488097148998278 0
456 1.068500090892182 0.09038138467990814 0
457 0.4575651115581952 0.249209536546696 0
458 0.9820947101463915 0.01685154322026899 0
459 1.466133971230413 0.06576531579101028 0
460 1.534295581479251 0.1156189706175019 0
461 1.520104497765709 0.2111258747863046 0
462 1.614712658134927 0.1749993557088371 0
463 1.59599350690932 0.2867589718314442 0
464 1.711020058607191 0.2464816048568421 0
465 1.686414842676804 0.3703736398312647 0
466 1.543277826223876 0.4021759262960748 0
467 1.655698835078477 0.5050444749926014 0
468 1.522190351777328 0.5391537607233314 0
469 1.793851131113927 0.468077665904346 0
470 1.761895326316759 0.6085497111579536 0
471 1.395772330889913 0.01978701929419588 0
472 1.720557056195999 0.114244390395918 0
473 1.836065649511745 0.2006640794102219 0
474 1.856336027975702 0.0601720183279703 0
475 1.014112278638733 0.05786871388381402 0
476 1.051709063285329 0.02158963201877461 0
477 1.058388803748852 0.01969045796831711 0
478 1.007915667424427 0.4365215495483928 0
479 1.426825770095837 0.4491365033190168 0
480 1.394814042943108 0.5736543377379266 0
481 1.487094311070687 0.6703844294211565 0
482 1.349525563105122 0.7008965394214917 0
483 1.253818594285481 0.5976487078009015 0
484 0.8378178154088362 0.1255555598964318 0
485 1.026650951205466 0.09345006282703031 0
486 0.9404780216171469 0.04185552500612315 0
487 1.181725091219092 0.0214594819975936 0
488 1.056367300494304 0.02595437366461444 0
489 0.9128140218206382 0.08401278292129755 0
490 0.9744723988262141 0.0808402935226535 0
491 0.3507730958255242 0.2571303610638654 0
492 0.2769012993608249 0.374504178670252 0
493 1.228382088035188 0.1078679787826116 0
494 1.125521771922326 0.1512447909508642 0
495 1.104609882221753 0.1245505484761489 0
496 1.058079354094261 0.06841913834394181 0
497 0.9650788410258531 0.05132874247163322 0
498 0.8210116785001061 0.7608532428176259 0
499 1.071308459036171 -0.0007350766812946853 0
500 1.077839495369274 0.005846359931461946 0
501 1.080090791226078 -0.003455281592361642 0
502 1.088786845148424 0.004177754958698677 0
503 1.230989923466463 0.7384860574065328 0
504 0.8661063759992429 0.0479424697797663 0
505 0.985727206736557 0.01299839537661715 0
506 0.9823386952757809 0.007731160560385311 0
507 1.045003220968464 -0.0009753694732064773 0
508 1.049845989436321 -0.002414792313733674 0
509 0.9998356642635745 0.07734367817556419 0
510 0.9918888140108543 0.08740783270069767 0
511 1.011107946003797 0.006536709052398617 0
512 1.179301301898527 0.1714091855796336 0
513 1.064358492424434 -0.005330797686273329 0
514 0.983748042070134 0.02195325694825709 0
515 1.503575054683525 0.2988964161123315 0
516 0.9195423701617149 0.03970703916850797 0
517 0.9875547431666304 0.04608592668154493 0
518 0.9898837753732035 0.0415795954776008 0
519 0.9427322661236258 0.01871741766838839 0
520 0.9531914961124257 0.04740996372109769 0
521 0.983874981100379 0.03501011789970943 0
522 0.9972464750594406 0.004508695805411544 0
523 1.08386832277771 0.01563709393227101 0
524 0.955950427224275 0.09080460057068113 0
525 1.064236978920853 0.02392808033976477 0
526 0.9619815068876394 0.04014872134232165 0
527 1.92777808363622 0.5769170408258097 0
528 1.248744596253884 -0.02178411186829438 0
529 0.9435649448776078 0.3753114962715937 0
530 1.112359770306163 0.1856057794952439 0
531 1.221905078113092 0.1603793060866509 0
532 1.05855498966749 -0.00251558836474038 0
533 1.038057135486341 0.05794771128420101 0
534 1.00159986758516 0.1787311850651231 0
535 0.6442232488261077 0.333502615879524 0
536 0.7412655996419149 0.3396231225604963 0
537 1.310227996360042 0.8377029553942008 0
538 1.032465058684378 0.3630192693655644 0
539 1.032652993950127 0.3084500603344503 0
540 1.001096100606893 0.008372538693456845 0
541 0.9932225785469107 0.04586825792115033 0
542 1.050719974999437 -0.00785936993821152 0
543 1.868727919617523 0.7138024411454863 0
544 1.72450968673311 0.75498031322063 0
545 1.974857533587264 0.8508691272080056 0
546 1.083202109916638 -0.01290375223766312 0
547 0.9408915796263628 0.02592851765755537 0
548 1.046611380813371 0.06247114641113369 0
549 0.8433110394324089 0.01883421434748996 0
550 0.7835558292495191 0.02900044832541741 0
551 0.3536044562017038 0.08628163018674348 0
552 1.110809914893002 -0.01567632177595706 0
553 1.121693865352957 -0.0006126738651842964 0
554 1.141186227969279 -0.002684268254772438 0
555 1.132492407768527 0.01541614334957476 0
556 1.111514635865545 0.0167472859464945 0
557 1.102049836125092 -0.0004720802586635051 0
558 0.992151943256331 0.007015533634003223 0
559 1.206641202724758 -0.025179670423301 0
560 1.354943891888217 -0.04486887957050287 0
561 1.330933983258001 0.009846138146744322 0
562 1.424582411520772 -0.05276391226019776 0
563 1.602041979976651 -0.06933442362643444 0
564 1.010055606709171 0.05327731882136813 0
565 1.152770651126227 0.01691839304515697 0
566 1.0821079411329 0.492526418710973 0
567 1.9391717942113 0.4185258558679562 0
568 0.9445620719525301 0.868825052903739 0
569 1.20609212382372 0.2306586199982251 0
570 0.9958105702012962 0.06860639808478869 0
571 1.215127401032232 0.00803273453394485 0
572 0.947272013612138 0.004555613381396582 0
573 0.9453588440488525 0.009674604349415698 0
574 1.115716418606212 0.1020121805534769 0
575 1.093596535140499 0.103932552208758 0
576 0.9734670533841369 0.0527557286270194 0
577 1.85752034990582 -0.0896669968505235 0
578 1.065878939111695 0.01541128359595278 0
579 1.032923037507559 0.02387917612864742 0
580 1.034354382256714 0.01908844090385905 0
581 0.9600893395786163 0.01319656111826112 0
582 0.9567341132167304 0.008926126237140368 0
583 1.025501053460746 0.003289218018204413 0
584 1.022170680794682 -0.000696145269692567 0
585 1.030350335100997 0.001592716317569517 0
586 1.032677418080775 -0.003831080731213027 0
587 1.037999916815976 -0.003192665175470117 0
588 1.011466562197316 0.02006317994533912 0
589 1.045510535892529 0.01202654078233256 0
590 1.021197186502317 0.01776256049114372 0
591 1.015808958765814 0.005581137169358728 0
592 1.033482801963094 0.0370709038494527 0
593 1.006601462038323 0.02121610091344842 0
594 1.028058502497251 0.0250353024633825 0
595 0.9766510237829276 0.008190892091412659 0
596 1.023756870032613 0.03939611653317679 0
597 1.022448687856562 0.04445954634341154 0
598 1.017276968972858 0.045385031295824 0
599 1.014593045717322 0.05017175745490753 0
600 0.9934792061811686 0.01989406590346732 0
601 0.990009279628891 0.0162552683082668 0
602 1.027606005056228 0.04305041428536464 0
603 0.9940256142104411 0.03303839254591732 0
604 1.018329174194459 0.02734207121315307 0
605 1.005167951859767 0.02601120610167254 0
606 1.01396763781209 0.04161672153637003 0
607 0.9654917193540504 0.02155533549449043 0
608 0.9677737597825886 0.01712623773361504 0
609 0.9650738166190896 0.01299008291319402 0
610 0.9674272838862602 0.008341423273250178 0
611 1.008598982510534 0.02964786075504053 0
612 0.9637628622083692 0.03480751613505705 0
613 1.010032796864849 0.02485669057401151 0
614 1.014897958981496 0.02370430055327853 0
615 1.019763069486876 0.02255235777714473 0
616 1.024627243356588 0.0213993704501399 0
617 1.035785347428292 0.01429144782033088 0
618 1.029491887747365 0.02024355072437837 0
619 1.039160635977546 0.01791510705645137 0
620 1.030924327977041 0.01544858479894357 0
621 0.9760061717490968 0.0297156310860919 0
622 0.9974408485565751 0.03672650639607052 0
623 1.006240011796237 0.007480048926288158 0
624 1.007889841901176 0.002494519166702957 0
625 1.045891003135538 -0.008635325948096781 0
626 0.9810611014449747 0.03002686343563707 0
627 1.038382509781845 0.03600024130852705 0
628 1.036563339553163 0.04094744731867693 0
629 1.042556024169867 0.02154202642265251 0
630 2.074361282804905 0.2005608094372784 0
631 2.072847187915415 0.4860681546417961 0
632 0.5126468712311991 0.8762072418379228 0
633 0.432425403437677 0.7545320022079851 0
634 0.2780045952843938 0.7563659384207464 0
635 1.547975424540538 0.0218666182709313 0
636 1.009199489484455 0.04282159852538209 0
637 1.148716826033456 -0.02194296773220116 0
638 0.9344930593879532 0.04996748244535819 0
639 0.9597337172864507 0.04612524753954901 0
640 1.148461519691594 0.5623973653306278 0
641 0.9251125129776742 0.007374992655961145 0
642 0.8854036576494765 0.01285231962750738 0
643 0.1256496974159569 0.3445651642002613 0
644 0.2821315210549751 0.5208031567784615 0
645 0.2037107428514538 0.6362094864873167 0
646 0.11744801130081 0.2115552472166002 0
647 0.952531849772093 0.009194850972414121 0
648 0.9924046459139854 0.03753131933336817 0
649 0.9484995561606862 0.167368832234942 0
650 0.9760780946757537 0.1590375905291187 0
651 1.053403625244269 0.0005567022252491003 0
652 0.9804242691439932 0.08800359894709862 0
653 0.9711163966917697 0.04721654453021472 0
654 1.316042354610989 0.4783456292872846 0
655 0.9205597249397095 0.07003158784607831 0
656 0.8997914375538185 0.05072084631440095 0
657 0.9583940192184826 0.004474160416012736 0
658 1.659571029105569 0.01210097285938956 0
659 1.12363209447687 0.03113121062623855 0
660 0.8264094497874283 0.1616088624642942 0
661 1.625236881348739 0.64028528020092 0
662 0.9690141065109139 0.09137257659651142 0
663 0.9522283672665798 0.07850513210248425 0
664 1.284627310144719 0.006012947679547728 0
665 1.334146531057626 0.06702822741898723 0
666 0.953113984436 0.02656279801902371 0
667 0.9475565344205215 0.02688911359868864 0
668 1.434260301003943 0.2387566242602109 0
669 0.8000989614046154 0.1282102728499372 0
670 1.040528388225183 0.1007551050708412 0
671 0.9929315654270447 0.06149655607806677 0
672 1.074541630407537 0.05326191145678011 0
673 0.962106589642755 0.008860154644946744 0
674 1.038612877078325 0.0503743372956837 0
675 1.069105361782263 0.07648361799760883 0
676 1.082869430408148 0.08466574009165068 0
677 1.043945151432479 0.01687874295039757 0
678 0.2236198008583684 0.8798492505753051 0
679 1.017456353667613 0.0002496272530845339 0
680 1.083360999841321 0.1379565630672709 0
681 0.5739546787278513 0.7600929232906545 0
682 1.040399126009524 0.0003611534579534968 0
683 0.9677034775569169 0.003381187548432388 0
684 1.947119628527132 0.2785999654637802 0
685 1.096140853060239 0.01203484009987906 0
686 1.675074979626046 0.8792062922048802 0
687 0.8386871054817243 0.04413274330348221 0
688 1.049904624509971 0.05368040223907176 0
689 1.146350030387275 0.1729586874907615 0
690 1.15765724046489 0.04084587111742093 0
691 0.6269215833908661 0.04881724903887417 0
692 0.9136600692270427 0.05704041092454982 0
693 0.5441082283190377 0.2355968424990373 0
694 0.9390173354336266 0.03344798171558944 0
695 0.5541404635725695 0.0569290796873122 0
696 0.9282467198298092 0.3150659022923385 0
697 1.273510881984513 0.09874563120413722 0
698 0.9723491853389865 0.009226282766447625 0
699 1.81894051744135 0.3304538018890685 0
700 0.9804493259211844 0.03830411484493166 0
701 0.7467144164320249 0.6622645070535691 0
702 1.07005141934813 0.06421945329023547 0
703 1.107246170448262 0.03213037948968571 0
704 0.8004625357562749 0.8871228922316343 0
705 0.9447820238646176 0.04951152562765924 0
706 1.053571508099754 0.1109975772772698 0
707 1.012699310503318 0.04561941145310858 0
708 1.027916135240872 0.1717304405562853 0
709 0.9878062610030327 0.008688521703366089 0
710 1.165561848045797 -0.00241998341776081 0
711 0.9782033665634235 0.003951212978260879 0
712 0.6834521792607883 0.18971007664087 0
713 0.9698019717846293 0.07337935938522791 0
714 0.8073876258419432 0.5664478886072576 0
715 1.074062409219917 0.01310637462126961 0
716 0.8595179739880173 0.1103081315742048 0
717 0.856351448610698 0.1872510560313999 0
718 0.8864659742016637 0.1610214910897539 0
719 1.031909704693964 0.04106466858207645 0
720 1.441245383142426 0.7983333429268969 0
721 1.027000938549369 0.0800865536777304 0
722 0.7608203425423419 0.08610442391449383 0
723 0.7888064509439717 0.3051155643840829 0
724 1.065406496181702 0.05035029665302132 0
725 0.755202606256769 0.2715772748915681 0
726 0.7060353082792367 0.2833997401681784 0
727 0.9795336236996871 0.0202596560062332 0
728 0.9667195526739835 0.03860196701551243 0
729 1.002772032877105 0.1328647027507475 0
730 1.055156105754723 0.03225739911236618 0
731 1.035585997727958 0.6924113081546229 0
732 1.202029565399134 0.3989458440549582 0
733 1.202753809273035 0.478477745635179 0
734 1.194143747270462 0.102604585707744 0
735 1.95656119405237 0.133887391819089 0
736 0.9826511395640444 0.00317783134183879 0
737 2.087520518625261 0.7738579406593569 0
738 1.063809402293568 -0.01162786642281387 0
739 1.050825485081715 0.02855227920326065 0
740 1.968338615337069 -0.01177412202679895 0
741 0.9213300414849259 0.01491975505148921 0
742 0.9695645997833821 0.1335731034388228 0
743 0.4886082585633993 0.6419898692120686 0
744 1.147362997278937 0.6521534592543913 0
745 0.8765225360249442 0.02848817165266758 0
746 1.3507054703463 0.3829636304101482 0
747 1.046693632736937 0.02021473829758923 0
748 0.9326125039129051 0.146475050101062 0
749 0.9868413862449228 0.06156739648205583 0
750 1.101179930789742 0.08791481644355922 0
751 1.054041099724078 -0.004233741397741737 0
752 1.080711534455122 0.3148567924694246 0
753 0.8867957122620811 0.05480268547449061 0
754 1.059482530756881 0.01373127657286684 0
755 0.4096722190610286 0.165715542638919 0
756 0.9233243894072554 0.0493667100121022 0
757 1.586318958490232 0.7702182659756958 0
758 1.362857766419535 0.2269522219648144 0
759 0.3660428185382139 0.449858624209352 0
760 0.9497821313278259 0.03091277375944137 0
761 1.073345809293815 0.4163543179038971 0
762 1.089987052385962 -0.005556830710862114 0
763 0.9579784777357823 0.05226268705076578 0
764 1.094892204293555 0.0746932601908655 0
765 0.9293906105912199 0.08029359925331755 0
766 0.9225240345964627 0.1717886209754006 0
767 1.468389689229255 -0.001321022946678494 0
768 0.7635867607881796 0.0562783371237611 0
769 1.139997007088025 0.03059928834182992 0
770 0.3504959865571969 0.641239294975994 0
771 1.427609346542571 0.3527299600414588 0
772 0.2329425771997619 0.2438518987641546 0
773 0.4983508058492908 0.1734888372888774 0
774 1.042122307090195 0.04022657031814611 0
775 0.9832232273921109 0.02630472269973836 0
776 1.054413803257727 0.2741674598501654 0
777 1.019207945457245 0.05512598050664927 0
778 1.073561398216559 0.1048942027468031 0
779 0.9478562999523771 0.01810627938764884 0
780 0.9876036464493573 0.03783237395736064 0
781 0.7038602803710774 0.7693826758053244 0
782 0.8582304895011772 0.03087337748830643 0
783 1.005958655690105 0.05271826839928806 0
784 1.055051188186391 0.05932641078615047 0
785 0.9861727434601035 0.01781696277766272 0
786 0.9653410352141035 0.04442439773049191 0
787 1.408092293880346 0.9076264902089353 0
788 0.9139959463806433 0.03137735994259853 0
789 0.9951402276119609 0.150976603751708 0
790 0.1051244104615505 0.1031793535947333 0
791 2.100405735423781 0.8949891795596929 0
792 1.122327102785708 0.7767189183805696 0
793 1.986343780585038 0.7096704749165643 0
794 1.19080355722983 -0.003905018851589108 0
795 0.6014672998749528 0.2706512449393477 0
796 0.9194124255621405 0.02387525241461808 0
797 0.8108319720763346 0.04743583616393048 0
798 0.1049671109414032 0.8960940835605397 0
799 0.9925192066934799 0.002881538433559725 0
800 0.9455691750125594 0.02268423510249463 0
801 0.9239343633436023 0.09366252663534771 0
802 1.101608026321094 0.1522727499349852 0
803 1.762836935518957 0.005253134784844702 0
804 0.910773298051601 0.04495189888123928 0
805 1.034330658515033 0.08610643845813909 0
806 0.7210027133640327 0.5773099051275843 0
807 0.9452549295963488 0.01433181827028003 0
808 1.209973247873412 0.8941678959976244 0
809 0.5310722953486154 0.1150869235411528 0
810 1.025547564560378 0.7956605181579091 0
811 1.036515658955153 -0.006782767543899787 0
812 1.04234644301557 -0.002980034059622361 0
813 2.095593753671126 -0.06186294388188871 0
814 1.084408784969777 0.1189340584759976 0
815 1.043593102016201 0.05428832914064211 0
816 0.9402605413217739 0.07717669686331668 0
817 0.08804850037518849 0.6393816389141638 0
818 1.115191898761872 0.04288553753974216 0
819 1.046327908784969 -0.004659218688620353 0
820 0.9650814263465297 0.08262393769617429 0
821 0.3136748587327194 0.1733957121709272 0
822 1.039373864311335 0.04487044502462147 0
823 1.061545849006305 0.030093243991797 0
824 0.8558905862143412 0.1550773235811686 0
825 0.9442608428451318 0.0304467616165309 0
826 1.205995368958185 0.1952435435352174 0
827 1.612118553913578 0.08542831847769845 0
828 1.063324167268615 0.05845973186693143 0
829 0.6622961558080497 0.2526793287270308 0
830 1.013933991452577 0.2796208767157665 0
831 1.17128181278805 0.2479211663951889 0
832 0.9913532186509753 0.07627219224257156 0
833 0.9490270756259075 0.008138163457181217 0
834 1.119733236337865 0.08476981426864559 0
835 0.784501761069479 0.1006676595754101 0
$EndNodes
$Elements
1668
1 1 2 3 1 1 6
2 1 2 3 1 6 7
3 1 2 3 1 7 8
4 1 2 3 1 8 9
5 1 2 3 1 9 10
6 1 2 3 1 10 11
7 1 2 3 1 11 12
8 1 2 3 1 12 13
9 1 2 3 1 13 14
10 1 2 3 1 14 15
11 1 2 3 1 15 16
12 1 2 3 1 16 17
13 1 2 3 1 17 18
14 1 2 3 1 18 19
15 1 2 3 1 19 20
16 1 2 3 1 20 21
17 1 2 3 1 21 22
18 1 2 3 1 22 23
19 1 2 3 1 23 24
20 1 2 3 1 24 25
21 1 2 3 1 25 26
22 1 2 3 1 26 27
23 1 2 3 1 27 28
24 1 2 3 1 28 29
25 1 2 3 1 29 30
26 1 2 3 1 30 31
27 1 2 3 1 31 32
28 1 2 3 1 32 33
29 1 2 3 1 33 2
30 1 2 3 2 2 34
31 1 2 3 2 34 35
32 1 2 3 2 35 36
33 1 2 3 2 36 37
34 1 2 3 2 37 38
35 1 2 3 2 38 39
36 1 2 3 2 39 40
37 1 2 3 2 40 41
38 1 2 3 2 41 42
39 1 2 3 2 42 43
40 1 2 3 2 43 44
41 1 2 3 2 44 45
42 1 2 3 2 45 46
43 1 2 3 2 46 47
44 1 2 3 2 47 48
45 1 2 3 2 48 49
46 1 2 3 2 49 50
47 1 2 3 2 50 51
48 1 2 3 2 51 52
49 1 2 3 2 52 53
50 1 2 3 2 53 54
51 1 2 3 2 54 55
52 1 2 3 2 55 56
53 1 2 3 2 56 57
54 1 2 3 2 57 58
55 1 2 3 2 58 59
56 1 2 3 2 59 60
57 1 2 3 2 60 61
58 1 2 3 2 61 62
59 1 2 3 2 62 63
60 1 2 3 2 63 3
61 1 2 2 3 3 64
62 1 2 2 3 64 65
63 1 2 2 3 65 66
64 1 2 2 3 66 67
65 1 2 2 3 67 68
66 1 2 2 3 68 69
67 1 2 2 3 69 70
68 1 2 2 3 70 71
69 1 2 2 3 71 4
70 1 2 3 4 4 72
71 1 2 3 4 72 73
72 1 2 3 4 73 74
73 1 2 3 4 74 75
74 1 2 3 4 75 76
75 1 2 3 4 76 77
76 1 2 3 4 77 78
77 1 2 3 4 78 79
78 1 2 3 4 79 80
79 1 2 3 4 80 81
80 1 2 3 4 81 82
81 1 2 3 4 82 83
82 1 2 3 4 83 84
83 1 2 3 4 84 85
84 1 2 3 4 85 5
85 1 2 1 5 5 86
86 1 2 1 5 86 87
87 1 2 1 5 87 88
88 1 2 1 5 88 89
89 1 2 1 5 89 90
90 1 2 1 5 90 91
91 1 2 1 5 91 1
92 2 2 4 1 321 599 564
93 2 2 4 1 492 644 107
94 2 2 4 1 321 707 599
95 2 2 4 1 73 545 72
96 2 2 4 1 107 643 492
97 2 2 4 1 431 601 505
98 2 2 4 1 147 717 447
99 2 2 4 1 185 541 190
100 2 2 4 1 244 626 521
101 2 2 4 1 325 766 718
102 2 2 4 1 356 733 566
103 2 2 4 1 538 752 355
104 2 2 4 1 358 541 518
105 2 2 4 1 295 531 493
106 2 2 4 1 147 447 150
107 2 2 4 1 650 789 534
108 2 2 4 1 162 538 529
109 2 2 4 1 369 687 504
110 2 2 4 1 493 531 427
111 2 2 4 1 250 746 654
112 2 2 4 1 183 783 181
113 2 2 4 1 521 626 451
114 2 2 4 1 657 673 582
115 2 2 4 1 539 752 538
116 2 2 4 1 115 673 657
117 2 2 4 1 250 733 732
118 2 2 4 1 583 584 105
119 2 2 4 1 529 696 162
120 2 2 4 1 654 746 479
121 2 2 4 1 534 789 438
122 2 2 4 1 476 739 230
123 2 2 4 1 181 783 564
124 2 2 4 1 654 733 250
125 2 2 4 1 497 653 576
126 2 2 4 1 564 599 475
127 2 2 4 1 591 679 420
128 2 2 4 1 105 584 38
129 2 2 4 1 517 541 188
130 2 2 4 1 38 584 37
131 2 2 4 1 190 541 358
132 2 2 4 1 170 670 167
133 2 2 4 1 64 123 63
134 2 2 4 1 518 648 358
135 2 2 4 1 534 708 156
136 2 2 4 1 253 510 173
137 2 2 4 1 513 532 104
138 2 2 4 1 192 517 188
139 2 2 4 1 253 652 510
140 2 2 4 1 601 785 505
141 2 2 4 1 527 631 117
142 2 2 4 1 325 718 323
143 2 2 4 1 610 683 99
144 2 2 4 1 99 698 610
145 2 2 4 1 94 657 582
146 2 2 4 1 355 761 538
147 2 2 4 1 582 647 94
148 2 2 4 1 504 745 430
149 2 2 4 1 178 475 179
150 2 2 4 1 499 513 114
151 2 2 4 1 105 585 583
152 2 2 4 1 437 664 561
153 2 2 4 1 545 791 72
154 2 2 4 1 308 700 521
155 2 2 4 1 245 525 320
156 2 2 4 1 477 578 525
157 2 2 4 1 521 780 308
158 2 2 4 1 653 786 208
159 2 2 4 1 552 557 95
160 2 2 4 1 475 777 179
161 2 2 4 1 486 638 144
162 2 2 4 1 660 669 484
163 2 2 4 1 318 742 650
164 2 2 4 1 166 167 165
165 2 2 4 1 174 176 175
166 2 2 4 1 169 170 167
167 2 2 4 1 40 586 39
168 2 2 4 1 176 178 177
169 2 2 4 1 176 509 180
170 2 2 4 1 317 685 556
171 2 2 4 1 525 578 320
172 2 2 4 1 171 172 170
173 2 2 4 1 433 597 432
174 2 2 4 1 258 529 260
175 2 2 4 1 381 591 511
176 2 2 4 1 119 545 73
177 2 2 4 1 180 181 178
178 2 2 4 1 471 665 561
179 2 2 4 1 557 762 95
180 2 2 4 1 188 541 185
181 2 2 4 1 261 536 259
182 2 2 4 1 230 747 476
183 2 2 4 1 318 650 649
184 2 2 4 1 173 174 172
185 2 2 4 1 182 183 181
186 2 2 4 1 718 766 447
187 2 2 4 1 359 540 380
188 2 2 4 1 381 679 591
189 2 2 4 1 502 762 557
190 2 2 4 1 163 165 164
191 2 2 4 1 574 834 298
192 2 2 4 1 152 435 154
193 2 2 4 1 55 528 54
194 2 2 4 1 378 432 428
195 2 2 4 1 156 708 163
196 2 2 4 1 511 624 381
197 2 2 4 1 184 185 183
198 2 2 4 1 154 534 156
199 2 2 4 1 320 523 287
200 2 2 4 1 342 705 486
201 2 2 4 1 687 782 504
202 2 2 4 1 364 665 471
203 2 2 4 1 436 571 528
204 2 2 4 1 435 650 534
205 2 2 4 1 406 749 671
206 2 2 4 1 497 576 334
207 2 2 4 1 391 585 393
208 2 2 4 1 187 709 506
209 2 2 4 1 623 624 511
210 2 2 4 1 522 540 412
211 2 2 4 1 599 777 475
212 2 2 4 1 530 802 494
213 2 2 4 1 314 524 257
214 2 2 4 1 520 705 342
215 2 2 4 1 337 489 286
216 2 2 4 1 535 536 300
217 2 2 4 1 479 771 466
218 2 2 4 1 497 786 653
219 2 2 4 1 258 696 529
220 2 2 4 1 378 433 432
221 2 2 4 1 323 718 363
222 2 2 4 1 484 716 363
223 2 2 4 1 505 709 431
224 2 2 4 1 368 419 337
225 2 2 4 1 486 705 638
226 2 2 4 1 455 778 706
227 2 2 4 1 114 501 499
228 2 2 4 1 314 663 524
229 2 2 4 1 163 166 165
230 2 2 4 1 144 694 486
231 2 2 4 1 483 733 654
232 2 2 4 1 174 175 172
233 2 2 4 1 150 446 152
234 2 2 4 1 166 169 167
235 2 2 4 1 204 831 569
236 2 2 4 1 156 163 158
237 2 2 4 1 670 706 167
238 2 2 4 1 93 624 623
239 2 2 4 1 253 662 652
240 2 2 4 1 466 771 515
241 2 2 4 1 93 540 522
242 2 2 4 1 176 177 175
243 2 2 4 1 528 571 559
244 2 2 4 1 179 378 372
245 2 2 4 1 245 823 525
246 2 2 4 1 181 475 178
247 2 2 4 1 430 753 504
248 2 2 4 1 610 673 115
249 2 2 4 1 412 558 522
250 2 2 4 1 509 570 180
251 2 2 4 1 566 733 640
252 2 2 4 1 650 742 316
253 2 2 4 1 456 778 455
254 2 2 4 1 520 763 366
255 2 2 4 1 561 665 437
256 2 2 4 1 489 801 286
257 2 2 4 1 512 826 339
258 2 2 4 1 269 531 295
259 2 2 4 1 115 683 610
260 2 2 4 1 169 171 170
261 2 2 4 1 348 676 675
262 2 2 4 1 185 186 183
263 2 2 4 1 353 535 302
264 2 2 4 1 567 631 527
265 2 2 4 1 178 179 177
266 2 2 4 1 426 727 514
267 2 2 4 1 162 539 538
268 2 2 4 1 176 180 178
269 2 2 4 1 595 711 506
270 2 2 4 1 665 697 437
271 2 2 4 1 406 671 570
272 2 2 4 1 150 447 446
273 2 2 4 1 433 598 597
274 2 2 4 1 711 736 506
275 2 2 4 1 508 819 542
276 2 2 4 1 363 824 484
277 2 2 4 1 39 586 105
278 2 2 4 1 514 775 426
279 2 2 4 1 171 173 172
280 2 2 4 1 260 529 299
281 2 2 4 1 487 690 565
282 2 2 4 1 174 509 176
283 2 2 4 1 302 535 300
284 2 2 4 1 63 3 64
285 2 2 4 1 299 529 478
286 2 2 4 1 412 540 359
287 2 2 4 1 180 182 181
288 2 2 4 1 419 489 337
289 2 2 4 1 150 152 151
290 2 2 4 1 419 655 489
291 2 2 4 1 167 168 165
292 2 2 4 1 547 825 694
293 2 2 4 1 419 753 656
294 2 2 4 1 44 542 43
295 2 2 4 1 668 771 243
296 2 2 4 1 93 522 2
297 2 2 4 1 649 748 318
298 2 2 4 1 506 736 187
299 2 2 4 1 163 164 158
300 2 2 4 1 528 559 54
301 2 2 4 1 536 723 259
302 2 2 4 1 432 602 434
303 2 2 4 1 200 517 192
304 2 2 4 1 371 820 663
305 2 2 4 1 300 536 261
306 2 2 4 1 379 574 298
307 2 2 4 1 182 184 183
308 2 2 4 1 147 150 149
309 2 2 4 1 204 569 238
310 2 2 4 1 305 697 665
311 2 2 4 1 445 568 498
312 2 2 4 1 104 738 513
313 2 2 4 1 378 428 372
314 2 2 4 1 179 777 378
315 2 2 4 1 198 200 192
316 2 2 4 1 269 295 270
317 2 2 4 1 518 541 517
318 2 2 4 1 172 485 170
319 2 2 4 1 432 434 428
320 2 2 4 1 122 645 634
321 2 2 4 1 566 761 356
322 2 2 4 1 287 523 317
323 2 2 4 1 477 754 578
324 2 2 4 1 676 778 456
325 2 2 4 1 494 495 379
326 2 2 4 1 255 662 253
327 2 2 4 1 556 703 317
328 2 2 4 1 152 154 153
329 2 2 4 1 181 564 475
330 2 2 4 1 184 188 185
331 2 2 4 1 371 663 354
332 2 2 4 1 238 269 242
333 2 2 4 1 553 557 552
334 2 2 4 1 64 813 123
335 2 2 4 1 393 585 414
336 2 2 4 1 583 585 391
337 2 2 4 1 435 534 154
338 2 2 4 1 557 685 502
339 2 2 4 1 640 733 483
340 2 2 4 1 565 710 487
341 2 2 4 1 468 479 466
342 2 2 4 1 540 623 380
343 2 2 4 1 427 734 493
344 2 2 4 1 503 808 792
345 2 2 4 1 185 190 186
346 2 2 4 1 366 705 520
347 2 2 4 1 365 668 306
348 2 2 4 1 633 770 743
349 2 2 4 1 375 548 496
350 2 2 4 1 595 698 99
351 2 2 4 1 152 446 435
352 2 2 4 1 316 789 650
353 2 2 4 1 341 497 334
354 2 2 4 1 354 663 417
355 2 2 4 1 159 530 339
356 2 2 4 1 99 711 595
357 2 2 4 1 263 314 257
358 2 2 4 1 743 770 343
359 2 2 4 1 141 669 660
360 2 2 4 1 114 738 46
361 2 2 4 1 201 202 200
362 2 2 4 1 420 679 584
363 2 2 4 1 448 687 369
364 2 2 4 1 246 672 234
365 2 2 4 1 143 717 147
366 2 2 4 1 568 704 498
367 2 2 4 1 339 689 512
368 2 2 4 1 173 510 174
369 2 2 4 1 556 557 553
370 2 2 4 1 119 544 543
371 2 2 4 1 257 524 255
372 2 2 4 1 125 519 129
373 2 2 4 1 117 793 527
374 2 2 4 1 564 783 321
375 2 2 4 1 558 709 187
376 2 2 4 1 299 478 311
377 2 2 4 1 649 766 748
378 2 2 4 1 471 561 560
379 2 2 4 1 488 739 476
380 2 2 4 1 513 738 114
381 2 2 4 1 339 826 569
382 2 2 4 1 154 156 155
383 2 2 4 1 139 141 140
384 2 2 4 1 532 751 104
385 2 2 4 1 368 753 419
386 2 2 4 1 494 689 530
387 2 2 4 1 529 538 478
388 2 2 4 1 136 139 138
389 2 2 4 1 495 575 574
390 2 2 4 1 675 702 348
391 2 2 4 1 328 690 487
392 2 2 4 1 165 680 164
393 2 2 4 1 495 574 379
394 2 2 4 1 238 569 269
395 2 2 4 1 542 625 43
396 2 2 4 1 538 761 478
397 2 2 4 1 556 685 557
398 2 2 4 1 419 692 655
399 2 2 4 1 233 823 245
400 2 2 4 1 505 785 458
401 2 2 4 1 480 654 479
402 2 2 4 1 555 556 553
403 2 2 4 1 514 727 458
404 2 2 4 1 670 805 376
405 2 2 4 1 481 757 720
406 2 2 4 1 543 545 119
407 2 2 4 1 40 811 586
408 2 2 4 1 542 819 625
409 2 2 4 1 164 802 530
410 2 2 4 1 433 777 599
411 2 2 4 1 482 483 480
412 2 2 4 1 521 700 244
413 2 2 4 1 493 697 295
414 2 2 4 1 449 589 401
415 2 2 4 1 198 201 200
416 2 2 4 1 584 679 37
417 2 2 4 1 638 756 144
418 2 2 4 1 150 151 149
419 2 2 4 1 550 797 454
420 2 2 4 1 15 549 97
421 2 2 4 1 286 801 263
422 2 2 4 1 135 768 136
423 2 2 4 1 13 550 135
424 2 2 4 1 458 785 514
425 2 2 4 1 202 308 200
426 2 2 4 1 474 803 577
427 2 2 4 1 136 768 722
428 2 2 4 1 447 766 446
429 2 2 4 1 338 368 337
430 2 2 4 1 324 337 286
431 2 2 4 1 317 703 288
432 2 2 4 1 245 320 287
433 2 2 4 1 634 678 122
434 2 2 4 1 506 709 505
435 2 2 4 1 7 551 121
436 2 2 4 1 141 143 142
437 2 2 4 1 548 784 496
438 2 2 4 1 156 158 157
439 2 2 4 1 187 799 558
440 2 2 4 1 93 623 540
441 2 2 4 1 205 206 202
442 2 2 4 1 330 353 302
443 2 2 4 1 95 546 48
444 2 2 4 1 468 480 479
445 2 2 4 1 126 741 127
446 2 2 4 1 528 664 436
447 2 2 4 1 179 372 247
448 2 2 4 1 269 270 242
449 2 2 4 1 98 637 52
450 2 2 4 1 413 532 513
451 2 2 4 1 295 697 305
452 2 2 4 1 201 205 202
453 2 2 4 1 331 612 526
454 2 2 4 1 152 153 151
455 2 2 4 1 357 457 353
456 2 2 4 1 20 641 126
457 2 2 4 1 104 542 44
458 2 2 4 1 105 586 585
459 2 2 4 1 547 694 133
460 2 2 4 1 17 642 112
461 2 2 4 1 404 449 401
462 2 2 4 1 328 487 345
463 2 2 4 1 124 573 125
464 2 2 4 1 535 829 726
465 2 2 4 1 466 515 463
466 2 2 4 1 364 471 459
467 2 2 4 1 575 778 676
468 2 2 4 1 560 562 471
469 2 2 4 1 563 635 102
470 2 2 4 1 438 708 534
471 2 2 4 1 101 528 55
472 2 2 4 1 416 832 510
473 2 2 4 1 483 654 480
474 2 2 4 1 663 820 524
475 2 2 4 1 141 660 143
476 2 2 4 1 369 504 368
477 2 2 4 1 125 807 519
478 2 2 4 1 320 715 523
479 2 2 4 1 190 191 186
480 2 2 4 1 92 819 812
481 2 2 4 1 446 649 435
482 2 2 4 1 23 572 124
483 2 2 4 1 569 831 339
484 2 2 4 1 504 782 745
485 2 2 4 1 249 253 173
486 2 2 4 1 628 822 434
487 2 2 4 1 510 652 416
488 2 2 4 1 515 771 668
489 2 2 4 1 23 124 22
490 2 2 4 1 22 103 21
491 2 2 4 1 644 645 107
492 2 2 4 1 20 126 19
493 2 2 4 1 19 96 18
494 2 2 4 1 17 112 16
495 2 2 4 1 15 97 14
496 2 2 4 1 13 135 12
497 2 2 4 1 572 573 124
498 2 2 4 1 12 100 11
499 2 2 4 1 710 794 487
500 2 2 4 1 9 111 8
501 2 2 4 1 519 547 129
502 2 2 4 1 542 751 508
503 2 2 4 1 549 687 97
504 2 2 4 1 295 305 270
505 2 2 4 1 403 651 532
506 2 2 4 1 139 669 141
507 2 2 4 1 198 576 201
508 2 2 4 1 433 599 598
509 2 2 4 1 143 147 146
510 2 2 4 1 461 668 365
511 2 2 4 1 308 517 200
512 2 2 4 1 585 586 414
513 2 2 4 1 167 706 168
514 2 2 4 1 602 719 434
515 2 2 4 1 45 104 44
516 2 2 4 1 47 114 46
517 2 2 4 1 484 824 660
518 2 2 4 1 49 95 48
519 2 2 4 1 205 207 206
520 2 2 4 1 51 113 50
521 2 2 4 1 53 98 52
522 2 2 4 1 56 101 55
523 2 2 4 1 59 102 58
524 2 2 4 1 61 116 60
525 2 2 4 1 7 121 6
526 2 2 4 1 577 803 116
527 2 2 4 1 720 757 109
528 2 2 4 1 537 808 503
529 2 2 4 1 154 155 153
530 2 2 4 1 191 321 186
531 2 2 4 1 190 194 191
532 2 2 4 1 457 693 353
533 2 2 4 1 220 240 222
534 2 2 4 1 536 725 723
535 2 2 4 1 478 566 311
536 2 2 4 1 792 808 106
537 2 2 4 1 207 232 206
538 2 2 4 1 672 828 724
539 2 2 4 1 288 703 290
540 2 2 4 1 308 518 517
541 2 2 4 1 586 587 414
542 2 2 4 1 422 581 329
543 2 2 4 1 110 631 567
544 2 2 4 1 289 672 246
545 2 2 4 1 331 526 333
546 2 2 4 1 625 819 92
547 2 2 4 1 139 140 138
548 2 2 4 1 555 659 556
549 2 2 4 1 194 195 191
550 2 2 4 1 190 358 194
551 2 2 4 1 207 237 232
552 2 2 4 1 232 244 206
553 2 2 4 1 741 796 127
554 2 2 4 1 220 579 240
555 2 2 4 1 409 620 618
556 2 2 4 1 580 619 240
557 2 2 4 1 194 196 195
558 2 2 4 1 237 251 232
559 2 2 4 1 617 619 580
560 2 2 4 1 2 522 33
561 2 2 4 1 196 197 195
562 2 2 4 1 237 252 251
563 2 2 4 1 329 581 408
564 2 2 4 1 196 241 197
565 2 2 4 1 197 209 195
566 2 2 4 1 579 580 240
567 2 2 4 1 422 582 581
568 2 2 4 1 252 266 251
569 2 2 4 1 197 210 209
570 2 2 4 1 196 274 241
571 2 2 4 1 252 267 266
572 2 2 4 1 266 273 251
573 2 2 4 1 274 275 241
574 2 2 4 1 210 211 209
575 2 2 4 1 252 268 267
576 2 2 4 1 266 312 273
577 2 2 4 1 274 280 275
578 2 2 4 1 210 212 211
579 2 2 4 1 268 303 267
580 2 2 4 1 312 313 273
581 2 2 4 1 280 281 275
582 2 2 4 1 212 213 211
583 2 2 4 1 210 272 212
584 2 2 4 1 312 349 313
585 2 2 4 1 303 307 267
586 2 2 4 1 313 426 273
587 2 2 4 1 281 282 275
588 2 2 4 1 213 271 211
589 2 2 4 1 212 214 213
590 2 2 4 1 280 283 281
591 2 2 4 1 303 319 307
592 2 2 4 1 349 350 313
593 2 2 4 1 214 215 213
594 2 2 4 1 280 340 283
595 2 2 4 1 281 309 282
596 2 2 4 1 319 329 307
597 2 2 4 1 349 439 350
598 2 2 4 1 309 315 282
599 2 2 4 1 214 216 215
600 2 2 4 1 340 346 283
601 2 2 4 1 439 440 350
602 2 2 4 1 329 408 307
603 2 2 4 1 349 441 439
604 2 2 4 1 340 451 346
605 2 2 4 1 214 231 216
606 2 2 4 1 309 359 315
607 2 2 4 1 216 217 215
608 2 2 4 1 346 347 283
609 2 2 4 1 440 458 350
610 2 2 4 1 340 452 451
611 2 2 4 1 217 265 215
612 2 2 4 1 359 380 315
613 2 2 4 1 346 514 347
614 2 2 4 1 216 218 217
615 2 2 4 1 309 407 359
616 2 2 4 1 440 505 458
617 2 2 4 1 380 382 315
618 2 2 4 1 218 219 217
619 2 2 4 1 452 521 451
620 2 2 4 1 407 412 359
621 2 2 4 1 440 506 505
622 2 2 4 1 380 383 382
623 2 2 4 1 218 220 219
624 2 2 4 1 407 431 412
625 2 2 4 1 384 588 382
626 2 2 4 1 389 583 391
627 2 2 4 1 431 558 412
628 2 2 4 1 218 579 220
629 2 2 4 1 383 384 382
630 2 2 4 1 420 583 389
631 2 2 4 1 383 385 384
632 2 2 4 1 409 590 388
633 2 2 4 1 389 391 390
634 2 2 4 1 386 410 384
635 2 2 4 1 410 588 384
636 2 2 4 1 395 396 394
637 2 2 4 1 383 511 385
638 2 2 4 1 396 411 394
639 2 2 4 1 420 584 583
640 2 2 4 1 397 398 396
641 2 2 4 1 389 390 388
642 2 2 4 1 385 386 384
643 2 2 4 1 387 388 386
644 2 2 4 1 391 393 392
645 2 2 4 1 397 399 398
646 2 2 4 1 507 508 399
647 2 2 4 1 395 397 396
648 2 2 4 1 391 392 390
649 2 2 4 1 393 395 394
650 2 2 4 1 387 389 388
651 2 2 4 1 388 590 386
652 2 2 4 1 387 420 389
653 2 2 4 1 393 394 392
654 2 2 4 1 397 507 399
655 2 2 4 1 393 414 395
656 2 2 4 1 390 409 388
657 2 2 4 1 385 387 386
658 2 2 4 1 398 589 396
659 2 2 4 1 396 589 411
660 2 2 4 1 386 590 410
661 2 2 4 1 511 591 385
662 2 2 4 1 387 591 420
663 2 2 4 1 385 591 387
664 2 2 4 1 315 593 282
665 2 2 4 1 231 594 216
666 2 2 4 1 217 592 265
667 2 2 4 1 219 592 217
668 2 2 4 1 382 593 315
669 2 2 4 1 216 594 218
670 2 2 4 1 588 593 382
671 2 2 4 1 218 594 579
672 2 2 4 1 439 595 440
673 2 2 4 1 440 595 506
674 2 2 4 1 274 603 280
675 2 2 4 1 597 598 271
676 2 2 4 1 275 605 241
677 2 2 4 1 213 596 271
678 2 2 4 1 215 596 213
679 2 2 4 1 283 600 281
680 2 2 4 1 596 597 271
681 2 2 4 1 281 600 309
682 2 2 4 1 309 600 407
683 2 2 4 1 265 596 215
684 2 2 4 1 211 606 209
685 2 2 4 1 347 600 283
686 2 2 4 1 600 601 407
687 2 2 4 1 347 601 600
688 2 2 4 1 272 604 212
689 2 2 4 1 280 603 340
690 2 2 4 1 212 604 214
691 2 2 4 1 407 601 431
692 2 2 4 1 340 603 452
693 2 2 4 1 214 604 231
694 2 2 4 1 282 605 275
695 2 2 4 1 271 606 211
696 2 2 4 1 593 605 282
697 2 2 4 1 598 606 271
698 2 2 4 1 408 607 307
699 2 2 4 1 267 607 266
700 2 2 4 1 266 607 312
701 2 2 4 1 307 607 267
702 2 2 4 1 349 608 441
703 2 2 4 1 581 609 408
704 2 2 4 1 408 608 607
705 2 2 4 1 608 609 441
706 2 2 4 1 607 608 312
707 2 2 4 1 312 608 349
708 2 2 4 1 609 610 441
709 2 2 4 1 408 609 608
710 2 2 4 1 241 611 197
711 2 2 4 1 197 611 210
712 2 2 4 1 210 611 272
713 2 2 4 1 605 611 241
714 2 2 4 1 588 613 593
715 2 2 4 1 410 614 588
716 2 2 4 1 611 613 272
717 2 2 4 1 605 613 611
718 2 2 4 1 410 615 614
719 2 2 4 1 593 613 605
720 2 2 4 1 189 192 188
721 2 2 4 1 590 615 410
722 2 2 4 1 588 614 613
723 2 2 4 1 394 617 392
724 2 2 4 1 590 616 615
725 2 2 4 1 272 614 604
726 2 2 4 1 613 614 272
727 2 2 4 1 409 616 590
728 2 2 4 1 614 615 604
729 2 2 4 1 604 615 231
730 2 2 4 1 618 620 580
731 2 2 4 1 615 616 231
732 2 2 4 1 231 616 594
733 2 2 4 1 411 617 394
734 2 2 4 1 543 544 470
735 2 2 4 1 124 125 103
736 2 2 4 1 579 618 580
737 2 2 4 1 594 618 579
738 2 2 4 1 617 620 392
739 2 2 4 1 390 620 409
740 2 2 4 1 580 620 617
741 2 2 4 1 58 562 57
742 2 2 4 1 232 621 244
743 2 2 4 1 409 618 616
744 2 2 4 1 426 621 273
745 2 2 4 1 251 621 232
746 2 2 4 1 358 622 194
747 2 2 4 1 616 618 594
748 2 2 4 1 274 622 603
749 2 2 4 1 194 622 196
750 2 2 4 1 175 485 172
751 2 2 4 1 735 740 120
752 2 2 4 1 29 99 28
753 2 2 4 1 27 115 26
754 2 2 4 1 32 187 31
755 2 2 4 1 25 94 24
756 2 2 4 1 392 620 390
757 2 2 4 1 380 623 383
758 2 2 4 1 411 619 617
759 2 2 4 1 62 577 61
760 2 2 4 1 527 543 470
761 2 2 4 1 469 567 527
762 2 2 4 1 273 621 251
763 2 2 4 1 50 552 49
764 2 2 4 1 351 422 329
765 2 2 4 1 196 622 274
766 2 2 4 1 220 222 221
767 2 2 4 1 54 559 53
768 2 2 4 1 573 807 125
769 2 2 4 1 383 623 511
770 2 2 4 1 57 560 56
771 2 2 4 1 60 563 59
772 2 2 4 1 191 636 321
773 2 2 4 1 449 677 589
774 2 2 4 1 482 503 483
775 2 2 4 1 126 127 96
776 2 2 4 1 118 634 633
777 2 2 4 1 606 636 209
778 2 2 4 1 421 689 494
779 2 2 4 1 195 636 191
780 2 2 4 1 237 612 252
781 2 2 4 1 252 612 268
782 2 2 4 1 403 532 413
783 2 2 4 1 691 695 10
784 2 2 4 1 426 626 621
785 2 2 4 1 159 339 161
786 2 2 4 1 469 527 470
787 2 2 4 1 314 816 663
788 2 2 4 1 129 547 133
789 2 2 4 1 240 629 222
790 2 2 4 1 621 626 244
791 2 2 4 1 254 255 253
792 2 2 4 1 463 515 461
793 2 2 4 1 136 722 139
794 2 2 4 1 63 123 62
795 2 2 4 1 34 93 2
796 2 2 4 1 42 92 41
797 2 2 4 1 39 105 38
798 2 2 4 1 36 381 35
799 2 2 4 1 35 624 34
800 2 2 4 1 43 625 42
801 2 2 4 1 208 786 728
802 2 2 4 1 619 629 240
803 2 2 4 1 166 438 169
804 2 2 4 1 530 689 339
805 2 2 4 1 209 636 195
806 2 2 4 1 135 136 100
807 2 2 4 1 319 351 329
808 2 2 4 1 597 602 432
809 2 2 4 1 485 805 670
810 2 2 4 1 563 658 635
811 2 2 4 1 638 705 418
812 2 2 4 1 485 670 170
813 2 2 4 1 220 221 219
814 2 2 4 1 119 686 544
815 2 2 4 1 70 117 69
816 2 2 4 1 68 110 67
817 2 2 4 1 66 120 65
818 2 2 4 1 67 630 66
819 2 2 4 1 69 631 68
820 2 2 4 1 701 781 429
821 2 2 4 1 515 668 461
822 2 2 4 1 22 124 103
823 2 2 4 1 603 648 452
824 2 2 4 1 84 118 83
825 2 2 4 1 82 108 81
826 2 2 4 1 83 632 82
827 2 2 4 1 79 106 78
828 2 2 4 1 74 119 73
829 2 2 4 1 76 109 75
830 2 2 4 1 413 513 499
831 2 2 4 1 113 553 552
832 2 2 4 1 375 496 377
833 2 2 4 1 353 795 535
834 2 2 4 1 19 126 96
835 2 2 4 1 291 348 289
836 2 2 4 1 524 662 255
837 2 2 4 1 649 650 435
838 2 2 4 1 116 658 563
839 2 2 4 1 401 589 398
840 2 2 4 1 12 135 100
841 2 2 4 1 222 629 230
842 2 2 4 1 147 149 148
843 2 2 4 1 381 624 35
844 2 2 4 1 34 624 93
845 2 2 4 1 42 625 92
846 2 2 4 1 465 466 463
847 2 2 4 1 114 546 501
848 2 2 4 1 77 808 537
849 2 2 4 1 118 633 632
850 2 2 4 1 455 670 376
851 2 2 4 1 795 829 535
852 2 2 4 1 358 648 622
853 2 2 4 1 21 641 20
854 2 2 4 1 596 602 597
855 2 2 4 1 265 602 596
856 2 2 4 1 577 740 474
857 2 2 4 1 80 568 79
858 2 2 4 1 655 692 425
859 2 2 4 1 18 642 17
860 2 2 4 1 115 657 26
861 2 2 4 1 25 657 94
862 2 2 4 1 24 572 23
863 2 2 4 1 179 247 177
864 2 2 4 1 327 379 298
865 2 2 4 1 348 672 289
866 2 2 4 1 544 661 470
867 2 2 4 1 110 684 630
868 2 2 4 1 560 561 101
869 2 2 4 1 110 630 67
870 2 2 4 1 66 630 120
871 2 2 4 1 117 631 69
872 2 2 4 1 68 631 110
873 2 2 4 1 324 338 337
874 2 2 4 1 193 198 192
875 2 2 4 1 467 468 466
876 2 2 4 1 204 238 236
877 2 2 4 1 82 632 108
878 2 2 4 1 118 632 83
879 2 2 4 1 348 764 676
880 2 2 4 1 141 142 140
881 2 2 4 1 202 700 308
882 2 2 4 1 589 677 411
883 2 2 4 1 431 709 558
884 2 2 4 1 469 470 467
885 2 2 4 1 156 157 155
886 2 2 4 1 422 647 582
887 2 2 4 1 599 707 598
888 2 2 4 1 90 643 89
889 2 2 4 1 89 107 88
890 2 2 4 1 87 122 86
891 2 2 4 1 16 549 15
892 2 2 4 1 14 550 13
893 2 2 4 1 622 648 603
894 2 2 4 1 11 691 10
895 2 2 4 1 79 568 106
896 2 2 4 1 8 551 7
897 2 2 4 1 609 673 610
898 2 2 4 1 619 677 629
899 2 2 4 1 421 494 379
900 2 2 4 1 582 673 581
901 2 2 4 1 113 552 50
902 2 2 4 1 256 257 255
903 2 2 4 1 48 546 47
904 2 2 4 1 102 562 58
905 2 2 4 1 351 423 422
906 2 2 4 1 483 744 640
907 2 2 4 1 52 637 51
908 2 2 4 1 116 563 60
909 2 2 4 1 575 750 574
910 2 2 4 1 238 242 239
911 2 2 4 1 469 699 567
912 2 2 4 1 9 695 111
913 2 2 4 1 748 766 325
914 2 2 4 1 175 721 485
915 2 2 4 1 305 665 364
916 2 2 4 1 587 682 414
917 2 2 4 1 279 774 226
918 2 2 4 1 397 682 507
919 2 2 4 1 414 682 395
920 2 2 4 1 171 249 173
921 2 2 4 1 123 577 62
922 2 2 4 1 37 679 36
923 2 2 4 1 423 647 422
924 2 2 4 1 311 566 361
925 2 2 4 1 330 357 353
926 2 2 4 1 598 707 606
927 2 2 4 1 228 279 226
928 2 2 4 1 174 510 509
929 2 2 4 1 180 570 182
930 2 2 4 1 85 678 84
931 2 2 4 1 91 646 90
932 2 2 4 1 26 657 25
933 2 2 4 1 49 552 95
934 2 2 4 1 99 683 28
935 2 2 4 1 27 683 115
936 2 2 4 1 535 726 536
937 2 2 4 1 367 697 493
938 2 2 4 1 230 739 223
939 2 2 4 1 53 559 98
940 2 2 4 1 56 560 101
941 2 2 4 1 59 563 102
942 2 2 4 1 144 756 516
943 2 2 4 1 162 830 539
944 2 2 4 1 46 738 45
945 2 2 4 1 400 401 398
946 2 2 4 1 57 562 560
947 2 2 4 1 269 826 531
948 2 2 4 1 404 476 449
949 2 2 4 1 429 781 681
950 2 2 4 1 277 749 406
951 2 2 4 1 399 400 398
952 2 2 4 1 61 577 116
953 2 2 4 1 634 770 633
954 2 2 4 1 164 530 158
955 2 2 4 1 334 576 199
956 2 2 4 1 439 698 595
957 2 2 4 1 610 698 441
958 2 2 4 1 487 571 345
959 2 2 4 1 428 533 372
960 2 2 4 1 338 369 368
961 2 2 4 1 586 811 587
962 2 2 4 1 434 719 628
963 2 2 4 1 104 751 542
964 2 2 4 1 278 334 199
965 2 2 4 1 434 822 674
966 2 2 4 1 118 678 634
967 2 2 4 1 566 640 361
968 2 2 4 1 454 768 550
969 2 2 4 1 462 827 472
970 2 2 4 1 276 712 450
971 2 2 4 1 504 753 368
972 2 2 4 1 438 729 169
973 2 2 4 1 630 735 120
974 2 2 4 1 158 530 159
975 2 2 4 1 567 684 110
976 2 2 4 1 219 627 592
977 2 2 4 1 125 129 128
978 2 2 4 1 89 643 107
979 2 2 4 1 335 341 334
980 2 2 4 1 510 832 509
981 2 2 4 1 573 833 423
982 2 2 4 1 558 799 522
983 2 2 4 1 94 572 24
984 2 2 4 1 411 677 619
985 2 2 4 1 648 780 452
986 2 2 4 1 260 299 264
987 2 2 4 1 262 263 257
988 2 2 4 1 728 786 526
989 2 2 4 1 29 711 99
990 2 2 4 1 567 699 684
991 2 2 4 1 143 146 142
992 2 2 4 1 372 533 373
993 2 2 4 1 425 638 418
994 2 2 4 1 158 159 157
995 2 2 4 1 458 727 350
996 2 2 4 1 313 727 426
997 2 2 4 1 244 700 206
998 2 2 4 1 205 208 207
999 2 2 4 1 127 131 130
1000 2 2 4 1 90 646 643
1001 2 2 4 1 587 811 92
1002 2 2 4 1 74 686 119
1003 2 2 4 1 109 686 75
1004 2 2 4 1 527 793 543
1005 2 2 4 1 581 673 609
1006 2 2 4 1 554 555 553
1007 2 2 4 1 651 751 532
1008 2 2 4 1 268 612 331
1009 2 2 4 1 481 482 480
1010 2 2 4 1 533 815 548
1011 2 2 4 1 372 373 247
1012 2 2 4 1 633 681 632
1013 2 2 4 1 536 726 725
1014 2 2 4 1 187 736 31
1015 2 2 4 1 222 230 223
1016 2 2 4 1 184 189 188
1017 2 2 4 1 423 833 647
1018 2 2 4 1 237 728 612
1019 2 2 4 1 221 627 219
1020 2 2 4 1 98 710 637
1021 2 2 4 1 357 491 457
1022 2 2 4 1 612 728 526
1023 2 2 4 1 434 674 428
1024 2 2 4 1 636 707 321
1025 2 2 4 1 308 780 518
1026 2 2 4 1 551 821 121
1027 2 2 4 1 299 311 310
1028 2 2 4 1 508 651 399
1029 2 2 4 1 136 138 137
1030 2 2 4 1 472 474 473
1031 2 2 4 1 470 661 467
1032 2 2 4 1 668 758 306
1033 2 2 4 1 122 817 645
1034 2 2 4 1 465 469 467
1035 2 2 4 1 354 366 341
1036 2 2 4 1 277 406 336
1037 2 2 4 1 518 780 648
1038 2 2 4 1 129 133 132
1039 2 2 4 1 550 768 135
1040 2 2 4 1 482 537 503
1041 2 2 4 1 108 704 81
1042 2 2 4 1 451 775 346
1043 2 2 4 1 108 781 704
1044 2 2 4 1 284 300 261
1045 2 2 4 1 508 751 651
1046 2 2 4 1 626 775 451
1047 2 2 4 1 537 787 77
1048 2 2 4 1 533 548 373
1049 2 2 4 1 467 661 468
1050 2 2 4 1 163 708 166
1051 2 2 4 1 222 223 221
1052 2 2 4 1 6 790 1
1053 2 2 4 1 514 785 347
1054 2 2 4 1 285 286 263
1055 2 2 4 1 442 695 691
1056 2 2 4 1 684 735 630
1057 2 2 4 1 526 639 333
1058 2 2 4 1 268 304 303
1059 2 2 4 1 366 763 341
1060 2 2 4 1 80 704 568
1061 2 2 4 1 465 467 466
1062 2 2 4 1 95 762 546
1063 2 2 4 1 303 666 319
1064 2 2 4 1 643 772 492
1065 2 2 4 1 186 783 183
1066 2 2 4 1 249 254 253
1067 2 2 4 1 131 656 430
1068 2 2 4 1 36 679 381
1069 2 2 4 1 503 744 483
1070 2 2 4 1 227 233 229
1071 2 2 4 1 168 680 165
1072 2 2 4 1 32 799 187
1073 2 2 4 1 512 689 421
1074 2 2 4 1 576 653 201
1075 2 2 4 1 395 682 397
1076 2 2 4 1 84 678 118
1077 2 2 4 1 70 737 117
1078 2 2 4 1 677 747 629
1079 2 2 4 1 701 714 362
1080 2 2 4 1 522 799 33
1081 2 2 4 1 301 302 300
1082 2 2 4 1 491 755 457
1083 2 2 4 1 199 576 198
1084 2 2 4 1 28 683 27
1085 2 2 4 1 436 664 437
1086 2 2 4 1 147 148 146
1087 2 2 4 1 417 418 366
1088 2 2 4 1 233 245 234
1089 2 2 4 1 133 144 134
1090 2 2 4 1 10 695 9
1091 2 2 4 1 647 833 94
1092 2 2 4 1 292 818 296
1093 2 2 4 1 437 697 367
1094 2 2 4 1 561 664 101
1095 2 2 4 1 311 361 360
1096 2 2 4 1 523 685 317
1097 2 2 4 1 672 724 234
1098 2 2 4 1 702 828 672
1099 2 2 4 1 474 740 735
1100 2 2 4 1 201 653 205
1101 2 2 4 1 572 833 573
1102 2 2 4 1 276 450 443
1103 2 2 4 1 476 747 449
1104 2 2 4 1 78 808 77
1105 2 2 4 1 65 813 64
1106 2 2 4 1 428 674 533
1107 2 2 4 1 426 775 626
1108 2 2 4 1 468 481 480
1109 2 2 4 1 319 352 351
1110 2 2 4 1 516 804 788
1111 2 2 4 1 75 686 74
1112 2 2 4 1 760 825 667
1113 2 2 4 1 373 548 375
1114 2 2 4 1 305 364 306
1115 2 2 4 1 659 703 556
1116 2 2 4 1 496 675 377
1117 2 2 4 1 323 324 286
1118 2 2 4 1 570 671 182
1119 2 2 4 1 109 757 686
1120 2 2 4 1 92 811 41
1121 2 2 4 1 227 730 233
1122 2 2 4 1 468 661 481
1123 2 2 4 1 641 741 126
1124 2 2 4 1 206 700 202
1125 2 2 4 1 4 791 71
1126 2 2 4 1 502 523 500
1127 2 2 4 1 72 791 4
1128 2 2 4 1 189 193 192
1129 2 2 4 1 292 296 294
1130 2 2 4 1 265 719 602
1131 2 2 4 1 519 800 547
1132 2 2 4 1 245 287 246
1133 2 2 4 1 642 745 112
1134 2 2 4 1 424 425 418
1135 2 2 4 1 606 707 636
1136 2 2 4 1 5 798 85
1137 2 2 4 1 76 787 109
1138 2 2 4 1 692 756 425
1139 2 2 4 1 254 256 255
1140 2 2 4 1 322 330 302
1141 2 2 4 1 327 421 379
1142 2 2 4 1 297 328 326
1143 2 2 4 1 268 331 304
1144 2 2 4 1 235 355 203
1145 2 2 4 1 86 798 5
1146 2 2 4 1 238 239 236
1147 2 2 4 1 415 578 405
1148 2 2 4 1 1 790 91
1149 2 2 4 1 345 571 436
1150 2 2 4 1 296 690 297
1151 2 2 4 1 228 688 279
1152 2 2 4 1 704 781 498
1153 2 2 4 1 402 404 401
1154 2 2 4 1 207 728 237
1155 2 2 4 1 441 698 439
1156 2 2 4 1 569 826 269
1157 2 2 4 1 462 472 464
1158 2 2 4 1 149 258 148
1159 2 2 4 1 342 444 332
1160 2 2 4 1 287 317 288
1161 2 2 4 1 364 459 365
1162 2 2 4 1 328 345 344
1163 2 2 4 1 193 199 198
1164 2 2 4 1 399 651 400
1165 2 2 4 1 592 719 265
1166 2 2 4 1 548 815 688
1167 2 2 4 1 370 484 453
1168 2 2 4 1 247 721 177
1169 2 2 4 1 570 832 406
1170 2 2 4 1 549 782 687
1171 2 2 4 1 125 128 103
1172 2 2 4 1 635 767 102
1173 2 2 4 1 627 628 592
1174 2 2 4 1 472 473 464
1175 2 2 4 1 645 770 634
1176 2 2 4 1 644 770 645
1177 2 2 4 1 297 690 328
1178 2 2 4 1 127 130 96
1179 2 2 4 1 341 763 497
1180 2 2 4 1 153 162 151
1181 2 2 4 1 494 802 495
1182 2 2 4 1 243 758 668
1183 2 2 4 1 632 681 108
1184 2 2 4 1 256 262 257
1185 2 2 4 1 113 554 553
1186 2 2 4 1 400 402 401
1187 2 2 4 1 182 671 184
1188 2 2 4 1 242 243 239
1189 2 2 4 1 103 641 21
1190 2 2 4 1 473 699 464
1191 2 2 4 1 223 739 225
1192 2 2 4 1 345 436 367
1193 2 2 4 1 208 728 207
1194 2 2 4 1 278 335 334
1195 2 2 4 1 136 137 100
1196 2 2 4 1 459 635 460
1197 2 2 4 1 96 642 18
1198 2 2 4 1 690 769 565
1199 2 2 4 1 177 721 175
1200 2 2 4 1 477 488 476
1201 2 2 4 1 81 704 80
1202 2 2 4 1 205 653 208
1203 2 2 4 1 465 699 469
1204 2 2 4 1 523 715 500
1205 2 2 4 1 123 740 577
1206 2 2 4 1 223 224 221
1207 2 2 4 1 133 694 144
1208 2 2 4 1 418 705 366
1209 2 2 4 1 645 817 107
1210 2 2 4 1 101 664 528
1211 2 2 4 1 400 403 402
1212 2 2 4 1 299 310 264
1213 2 2 4 1 94 833 572
1214 2 2 4 1 132 741 128
1215 2 2 4 1 128 741 641
1216 2 2 4 1 305 306 270
1217 2 2 4 1 30 711 29
1218 2 2 4 1 370 448 369
1219 2 2 4 1 367 493 344
1220 2 2 4 1 460 461 365
1221 2 2 4 1 661 757 481
1222 2 2 4 1 171 729 249
1223 2 2 4 1 169 729 171
1224 2 2 4 1 335 354 341
1225 2 2 4 1 111 809 773
1226 2 2 4 1 129 132 128
1227 2 2 4 1 478 761 566
1228 2 2 4 1 107 817 88
1229 2 2 4 1 87 817 122
1230 2 2 4 1 459 767 635
1231 2 2 4 1 495 814 575
1232 2 2 4 1 481 720 482
1233 2 2 4 1 262 285 263
1234 2 2 4 1 121 772 646
1235 2 2 4 1 706 778 168
1236 2 2 4 1 331 333 332
1237 2 2 4 1 98 794 710
1238 2 2 4 1 438 789 729
1239 2 2 4 1 130 745 642
1240 2 2 4 1 159 161 160
1241 2 2 4 1 131 430 130
1242 2 2 4 1 464 699 465
1243 2 2 4 1 406 416 336
1244 2 2 4 1 746 771 479
1245 2 2 4 1 373 375 374
1246 2 2 4 1 430 745 130
1247 2 2 4 1 554 565 555
1248 2 2 4 1 288 289 246
1249 2 2 4 1 686 757 544
1250 2 2 4 1 745 782 112
1251 2 2 4 1 224 627 221
1252 2 2 4 1 355 752 203
1253 2 2 4 1 462 463 461
1254 2 2 4 1 449 747 677
1255 2 2 4 1 453 454 448
1256 2 2 4 1 284 301 300
1257 2 2 4 1 311 360 310
1258 2 2 4 1 498 701 362
1259 2 2 4 1 333 520 342
1260 2 2 4 1 403 413 405
1261 2 2 4 1 297 298 294
1262 2 2 4 1 30 736 711
1263 2 2 4 1 354 417 366
1264 2 2 4 1 138 276 137
1265 2 2 4 1 350 727 313
1266 2 2 4 1 578 754 405
1267 2 2 4 1 92 812 587
1268 2 2 4 1 133 134 132
1269 2 2 4 1 644 759 343
1270 2 2 4 1 496 702 675
1271 2 2 4 1 233 234 229
1272 2 2 4 1 333 639 520
1273 2 2 4 1 301 429 322
1274 2 2 4 1 375 377 376
1275 2 2 4 1 293 834 750
1276 2 2 4 1 161 204 203
1277 2 2 4 1 290 291 289
1278 2 2 4 1 656 692 419
1279 2 2 4 1 464 465 463
1280 2 2 4 1 279 822 774
1281 2 2 4 1 413 499 415
1282 2 2 4 1 509 832 570
1283 2 2 4 1 184 671 189
1284 2 2 4 1 285 323 286
1285 2 2 4 1 693 795 353
1286 2 2 4 1 684 699 473
1287 2 2 4 1 142 145 140
1288 2 2 4 1 285 325 323
1289 2 2 4 1 676 750 575
1290 2 2 4 1 377 456 455
1291 2 2 4 1 499 501 500
1292 2 2 4 1 292 293 291
1293 2 2 4 1 326 327 298
1294 2 2 4 1 149 696 258
1295 2 2 4 1 204 236 235
1296 2 2 4 1 276 442 137
1297 2 2 4 1 263 801 314
1298 2 2 4 1 472 827 658
1299 2 2 4 1 450 693 443
1300 2 2 4 1 301 322 302
1301 2 2 4 1 360 362 310
1302 2 2 4 1 245 246 234
1303 2 2 4 1 417 424 418
1304 2 2 4 1 144 516 134
1305 2 2 4 1 546 762 501
1306 2 2 4 1 444 825 760
1307 2 2 4 1 31 736 30
1308 2 2 4 1 296 818 659
1309 2 2 4 1 692 804 756
1310 2 2 4 1 444 760 332
1311 2 2 4 1 404 477 476
1312 2 2 4 1 304 666 303
1313 2 2 4 1 343 770 644
1314 2 2 4 1 416 490 336
1315 2 2 4 1 338 370 369
1316 2 2 4 1 756 804 516
1317 2 2 4 1 378 777 433
1318 2 2 4 1 335 371 354
1319 2 2 4 1 296 297 294
1320 2 2 4 1 323 363 324
1321 2 2 4 1 497 763 639
1322 2 2 4 1 364 365 306
1323 2 2 4 1 357 492 491
1324 2 2 4 1 121 821 772
1325 2 2 4 1 159 160 157
1326 2 2 4 1 455 706 670
1327 2 2 4 1 225 226 224
1328 2 2 4 1 427 512 421
1329 2 2 4 1 492 759 644
1330 2 2 4 1 373 374 247
1331 2 2 4 1 287 288 246
1332 2 2 4 1 424 655 425
1333 2 2 4 1 328 344 326
1334 2 2 4 1 235 356 355
1335 2 2 4 1 256 318 262
1336 2 2 4 1 71 737 70
1337 2 2 4 1 322 343 330
1338 2 2 4 1 445 498 362
1339 2 2 4 1 227 228 226
1340 2 2 4 1 544 757 661
1341 2 2 4 1 680 802 164
1342 2 2 4 1 628 719 592
1343 2 2 4 1 249 316 254
1344 2 2 4 1 812 819 507
1345 2 2 4 1 258 259 148
1346 2 2 4 1 331 332 304
1347 2 2 4 1 633 743 681
1348 2 2 4 1 193 277 199
1349 2 2 4 1 127 788 131
1350 2 2 4 1 229 248 228
1351 2 2 4 1 239 250 236
1352 2 2 4 1 327 427 421
1353 2 2 4 1 652 662 490
1354 2 2 4 1 258 260 259
1355 2 2 4 1 319 666 352
1356 2 2 4 1 342 486 444
1357 2 2 4 1 277 278 199
1358 2 2 4 1 502 685 523
1359 2 2 4 1 559 794 98
1360 2 2 4 1 459 460 365
1361 2 2 4 1 400 651 403
1362 2 2 4 1 345 367 344
1363 2 2 4 1 377 675 456
1364 2 2 4 1 655 765 489
1365 2 2 4 1 484 669 453
1366 2 2 4 1 260 264 261
1367 2 2 4 1 112 549 16
1368 2 2 4 1 97 550 14
1369 2 2 4 1 370 716 484
1370 2 2 4 1 100 691 11
1371 2 2 4 1 111 551 8
1372 2 2 4 1 223 225 224
1373 2 2 4 1 436 437 367
1374 2 2 4 1 486 694 444
1375 2 2 4 1 128 641 103
1376 2 2 4 1 571 794 559
1377 2 2 4 1 97 797 550
1378 2 2 4 1 477 525 488
1379 2 2 4 1 473 735 684
1380 2 2 4 1 277 336 278
1381 2 2 4 1 260 261 259
1382 2 2 4 1 264 284 261
1383 2 2 4 1 403 405 402
1384 2 2 4 1 416 652 490
1385 2 2 4 1 370 453 448
1386 2 2 4 1 460 462 461
1387 2 2 4 1 242 758 243
1388 2 2 4 1 130 642 96
1389 2 2 4 1 360 445 362
1390 2 2 4 1 276 443 442
1391 2 2 4 1 427 531 512
1392 2 2 4 1 333 342 332
1393 2 2 4 1 161 203 160
1394 2 2 4 1 578 715 320
1395 2 2 4 1 375 376 374
1396 2 2 4 1 288 290 289
1397 2 2 4 1 227 229 228
1398 2 2 4 1 225 227 226
1399 2 2 4 1 462 464 463
1400 2 2 4 1 47 546 114
1401 2 2 4 1 297 326 298
1402 2 2 4 1 413 415 405
1403 2 2 4 1 204 235 203
1404 2 2 4 1 377 455 376
1405 2 2 4 1 290 292 291
1406 2 2 4 1 499 500 415
1407 2 2 4 1 292 294 293
1408 2 2 4 1 51 637 113
1409 2 2 4 1 501 502 500
1410 2 2 4 1 701 806 714
1411 2 2 4 1 729 789 316
1412 2 2 4 1 737 793 117
1413 2 2 4 1 374 721 247
1414 2 2 4 1 109 787 720
1415 2 2 4 1 717 718 447
1416 2 2 4 1 695 809 111
1417 2 2 4 1 482 720 537
1418 2 2 4 1 681 743 429
1419 2 2 4 1 166 708 438
1420 2 2 4 1 151 696 149
1421 2 2 4 1 675 676 456
1422 2 2 4 1 111 773 755
1423 2 2 4 1 361 744 731
1424 2 2 4 1 423 807 573
1425 2 2 4 1 788 804 131
1426 2 2 4 1 356 761 355
1427 2 2 4 1 161 831 204
1428 2 2 4 1 660 717 143
1429 2 2 4 1 490 820 713
1430 2 2 4 1 646 772 643
1431 2 2 4 1 131 804 656
1432 2 2 4 1 629 747 230
1433 2 2 4 1 248 688 228
1434 2 2 4 1 713 820 371
1435 2 2 4 1 627 774 628
1436 2 2 4 1 543 793 545
1437 2 2 4 1 249 729 316
1438 2 2 4 1 474 735 473
1439 2 2 4 1 113 637 554
1440 2 2 4 1 450 829 795
1441 2 2 4 1 137 691 100
1442 2 2 4 1 270 758 242
1443 2 2 4 1 102 767 562
1444 2 2 4 1 293 764 291
1445 2 2 4 1 493 734 344
1446 2 2 4 1 346 775 514
1447 2 2 4 1 666 667 352
1448 2 2 4 1 640 744 361
1449 2 2 4 1 348 702 672
1450 2 2 4 1 123 813 740
1451 2 2 4 1 491 821 755
1452 2 2 4 1 442 691 137
1453 2 2 4 1 750 834 574
1454 2 2 4 1 565 769 555
1455 2 2 4 1 138 712 276
1456 2 2 4 1 452 780 521
1457 2 2 4 1 639 786 497
1458 2 2 4 1 298 834 294
1459 2 2 4 1 140 712 138
1460 2 2 4 1 321 783 186
1461 2 2 4 1 347 785 601
1462 2 2 4 1 296 769 690
1463 2 2 4 1 148 723 146
1464 2 2 4 1 487 794 571
1465 2 2 4 1 224 774 627
1466 2 2 4 1 324 716 338
1467 2 2 4 1 85 798 678
1468 2 2 4 1 361 731 360
1469 2 2 4 1 415 715 578
1470 2 2 4 1 162 696 151
1471 2 2 4 1 116 803 658
1472 2 2 4 1 363 716 324
1473 2 2 4 1 77 787 76
1474 2 2 4 1 33 799 32
1475 2 2 4 1 656 753 430
1476 2 2 4 1 490 713 336
1477 2 2 4 1 682 812 507
1478 2 2 4 1 721 805 485
1479 2 2 4 1 765 816 314
1480 2 2 4 1 352 779 351
1481 2 2 4 1 471 767 459
1482 2 2 4 1 445 810 568
1483 2 2 4 1 225 730 227
1484 2 2 4 1 495 802 680
1485 2 2 4 1 301 806 429
1486 2 2 4 1 351 779 423
1487 2 2 4 1 146 725 142
1488 2 2 4 1 285 748 325
1489 2 2 4 1 555 769 659
1490 2 2 4 1 443 809 442
1491 2 2 4 1 362 714 310
1492 2 2 4 1 507 819 508
1493 2 2 4 1 41 811 40
1494 2 2 4 1 306 758 270
1495 2 2 4 1 45 738 104
1496 2 2 4 1 688 784 548
1497 2 2 4 1 343 759 330
1498 2 2 4 1 659 769 296
1499 2 2 4 1 472 803 474
1500 2 2 4 1 722 768 454
1501 2 2 4 1 250 732 236
1502 2 2 4 1 327 734 427
1503 2 2 4 1 335 713 371
1504 2 2 4 1 291 764 348
1505 2 2 4 1 740 813 120
1506 2 2 4 1 106 808 78
1507 2 2 4 1 153 830 162
1508 2 2 4 1 712 829 450
1509 2 2 4 1 404 754 477
1510 2 2 4 1 526 786 639
1511 2 2 4 1 732 733 356
1512 2 2 4 1 442 809 695
1513 2 2 4 1 278 713 335
1514 2 2 4 1 259 723 148
1515 2 2 4 1 752 776 160
1516 2 2 4 1 120 813 65
1517 2 2 4 1 310 714 264
1518 2 2 4 1 562 767 471
1519 2 2 4 1 145 712 140
1520 2 2 4 1 554 710 565
1521 2 2 4 1 88 817 87
1522 2 2 4 1 637 710 554
1523 2 2 4 1 256 742 318
1524 2 2 4 1 264 714 284
1525 2 2 4 1 501 762 502
1526 2 2 4 1 338 716 370
1527 2 2 4 1 336 713 278
1528 2 2 4 1 236 732 235
1529 2 2 4 1 326 734 327
1530 2 2 4 1 402 754 404
1531 2 2 4 1 500 715 415
1532 2 2 4 1 454 797 448
1533 2 2 4 1 330 759 357
1534 2 2 4 1 454 835 722
1535 2 2 4 1 122 798 86
1536 2 2 4 1 360 731 445
1537 2 2 4 1 229 724 248
1538 2 2 4 1 524 820 662
1539 2 2 4 1 425 756 638
1540 2 2 4 1 193 749 277
1541 2 2 4 1 429 743 322
1542 2 2 4 1 157 776 155
1543 2 2 4 1 142 725 145
1544 2 2 4 1 694 825 444
1545 2 2 4 1 693 773 443
1546 2 2 4 1 718 824 363
1547 2 2 4 1 226 774 224
1548 2 2 4 1 234 724 229
1549 2 2 4 1 111 755 551
1550 2 2 4 1 203 752 160
1551 2 2 4 1 254 742 256
1552 2 2 4 1 568 810 106
1553 2 2 4 1 717 824 718
1554 2 2 4 1 91 790 646
1555 2 2 4 1 225 739 730
1556 2 2 4 1 587 812 682
1557 2 2 4 1 357 759 492
1558 2 2 4 1 658 827 635
1559 2 2 4 1 448 797 687
1560 2 2 4 1 730 739 488
1561 2 2 4 1 189 749 193
1562 2 2 4 1 235 732 356
1563 2 2 4 1 646 790 121
1564 2 2 4 1 344 734 326
1565 2 2 4 1 660 824 717
1566 2 2 4 1 160 776 157
1567 2 2 4 1 725 726 145
1568 2 2 4 1 678 798 122
1569 2 2 4 1 750 764 293
1570 2 2 4 1 737 791 545
1571 2 2 4 1 352 800 779
1572 2 2 4 1 322 743 343
1573 2 2 4 1 243 746 239
1574 2 2 4 1 424 765 655
1575 2 2 4 1 545 793 737
1576 2 2 4 1 755 821 551
1577 2 2 4 1 446 766 649
1578 2 2 4 1 639 763 520
1579 2 2 4 1 663 816 417
1580 2 2 4 1 772 821 491
1581 2 2 4 1 262 748 285
1582 2 2 4 1 316 742 254
1583 2 2 4 1 168 814 680
1584 2 2 4 1 671 749 189
1585 2 2 4 1 239 746 250
1586 2 2 4 1 318 748 262
1587 2 2 4 1 139 835 669
1588 2 2 4 1 429 806 701
1589 2 2 4 1 723 725 146
1590 2 2 4 1 516 788 134
1591 2 2 4 1 405 754 402
1592 2 2 4 1 453 835 454
1593 2 2 4 1 304 760 666
1594 2 2 4 1 121 790 6
1595 2 2 4 1 492 772 491
1596 2 2 4 1 496 828 702
1597 2 2 4 1 676 764 750
1598 2 2 4 1 332 760 304
1599 2 2 4 1 460 827 462
1600 2 2 4 1 688 815 279
1601 2 2 4 1 339 831 161
1602 2 2 4 1 674 815 533
1603 2 2 4 1 658 803 472
1604 2 2 4 1 656 804 692
1605 2 2 4 1 539 776 752
1606 2 2 4 1 666 760 667
1607 2 2 4 1 127 796 788
1608 2 2 4 1 687 797 97
1609 2 2 4 1 547 800 667
1610 2 2 4 1 450 795 693
1611 2 2 4 1 681 781 108
1612 2 2 4 1 744 792 731
1613 2 2 4 1 662 820 490
1614 2 2 4 1 765 801 489
1615 2 2 4 1 112 782 549
1616 2 2 4 1 284 806 301
1617 2 2 4 1 730 823 233
1618 2 2 4 1 714 806 284
1619 2 2 4 1 376 805 374
1620 2 2 4 1 248 784 688
1621 2 2 4 1 155 830 153
1622 2 2 4 1 424 816 765
1623 2 2 4 1 680 814 495
1624 2 2 4 1 703 818 290
1625 2 2 4 1 722 835 139
1626 2 2 4 1 406 832 416
1627 2 2 4 1 290 818 292
1628 2 2 4 1 498 781 701
1629 2 2 4 1 667 800 352
1630 2 2 4 1 788 796 134
1631 2 2 4 1 674 822 279
1632 2 2 4 1 724 828 248
1633 2 2 4 1 243 771 746
1634 2 2 4 1 720 787 537
1635 2 2 4 1 667 825 547
1636 2 2 4 1 145 829 712
1637 2 2 4 1 134 796 132
1638 2 2 4 1 776 830 155
1639 2 2 4 1 71 791 737
1640 2 2 4 1 525 823 488
1641 2 2 4 1 635 827 460
1642 2 2 4 1 531 826 512
1643 2 2 4 1 669 835 453
1644 2 2 4 1 457 773 693
1645 2 2 4 1 279 815 674
1646 2 2 4 1 132 796 741
1647 2 2 4 1 417 816 424
1648 2 2 4 1 755 773 457
1649 2 2 4 1 779 800 519
1650 2 2 4 1 374 805 721
1651 2 2 4 1 773 809 443
1652 2 2 4 1 294 834 293
1653 2 2 4 1 726 829 145
1654 2 2 4 1 488 823 730
1655 2 2 4 1 774 822 628
1656 2 2 4 1 106 810 792
1657 2 2 4 1 731 810 445
1658 2 2 4 1 778 814 168
1659 2 2 4 1 779 807 423
1660 2 2 4 1 575 814 778
1661 2 2 4 1 314 801 765
1662 2 2 4 1 248 828 784
1663 2 2 4 1 659 818 703
1664 2 2 4 1 784 828 496
1665 2 2 4 1 503 792 744
1666 2 2 4 1 792 810 731
1667 2 2 4 1 539 830 776
1668 2 2 4 1 519 807 779
$EndElements
