$MeshFormat
2.2 0 8
$EndMeshFormat
$PhysicalNames
4
1 1 "Inlet"
1 2 "Outlet"
1 3 "Inviscid_Wall"
2 4 "Domain"
$EndPhysicalNames
$Nodes
440
1 0 0 0
2 1 0 0
3 2.2 -0.3215390000000001 0
4 2.2 1 0
5 0 1 0
6 0.3020485742082368 0 0
7 0.5134825759844098 0 0
8 0.6614863717451457 0 0
9 0.7650890285155947 0 0
10 0.837610884048149 0 0
11 0.888376183105449 0 0
12 0.923911890786578 0 0
13 0.9487868863431861 0 0
14 0.9661993828714208 0 0
15 0.978388129691766 0 0
16 0.9869202542793758 0 0
17 0.9928927407352554 0 0
18 0.997073480252227 0 0
19 1.001567878845065 -0.0004201118299694668 0
20 1.003370938832396 -0.00090324025102483 0
21 1.005444457988144 -0.001458837980874854 0
22 1.007829005169464 -0.002097775410987027 0
23 1.010571234727771 -0.002832553535943936 0
24 1.013724798244324 -0.00367754825223488 0
25 1.017351396530596 -0.004649292240876186 0
26 1.021521984963145 -0.005766797935887337 0
27 1.02631816151936 -0.007051929447311121 0
28 1.031833763910059 -0.008529830511563766 0
29 1.038176706655373 -0.01022941673438504 0
30 1.045471091727926 -0.01218394113592138 0
31 1.053859634575568 -0.01443164420149448 0
32 1.063506458551682 -0.01701650264687437 0
33 1.074600306834911 -0.01998909004949215 0
34 1.087358232182984 -0.02340756551490377 0
35 1.102029846369197 -0.02733881230975438 0
36 1.118902202334745 -0.03185974603042622 0
37 1.13830541124434 -0.03705881968841152 0
38 1.160619101779802 -0.04303775447264635 0
39 1.186279845835388 -0.0499135294583874 0
40 1.215789701369931 -0.05782067065732177 0
41 1.249726034870852 -0.06691388293861575 0
42 1.288752819397165 -0.07737107733012094 0
43 1.333633622223644 -0.08939685104680679 0
44 1.385246546013931 -0.1032264909656445 0
45 1.444601407829031 -0.1191305767266156 0
46 1.512859498102961 -0.1374202751337733 0
47 1.591356302890836 -0.1584534285626804 0
48 1.681627628831833 -0.1826415551224657 0
49 1.785439652907066 -0.2104579004634042 0
50 1.904823481974513 -0.2424466979755024 0
51 2.042114886089668 -0.2792338152986549 0
52 2.2 -0.2271433571430176 0
53 2.2 -0.1327477142860398 0
54 2.2 -0.0383520714291628 0
55 2.2 0.0560435714277252 0
56 2.2 0.1504392142845917 0
57 2.2 0.2448348571415308 0
58 2.2 0.3392304999983786 0
59 2.2 0.4336261428558145 0
60 2.2 0.5280217857133125 0
61 2.2 0.6224174285705695 0
62 2.2 0.7168130714276346 0
63 2.2 0.8112087142853253 0
64 2.2 0.9056043571425449 0
65 2.042857142857391 1 0
66 1.88571428571475 1 0
67 1.728571428572277 1 0
68 1.571428571430002 1 0
69 1.414285714287678 1 0
70 1.257142857145298 1 0
71 1.100000000002862 1 0
72 0.9428571428595962 1 0
73 0.7857142857163615 1 0
74 0.6285714285731081 1 0
75 0.4714285714298421 1 0
76 0.3142857142865887 1 0
77 0.1571428571434774 1 0
78 0 0.7500000000003471 0
79 0 0.5000000000020595 0
80 0 0.2500000000010405 0
81 1.138020115374762 0.4937466464552586 0
82 0.9985367401261053 0.2641430222229005 0
83 1.604587233275896 0.347915341093231 0
84 1.273115408366791 0.2151415169900267 0
85 1.036213507669424 0.1325297931022367 0
86 1.164855518578362 0.08787462173103212 0
87 0.9985291398640666 0.07248669517897036 0
88 1.067148047455159 0.04885836593177523 0
89 0.5874844738647779 0.4415396229942536 0
90 0.8624753080195572 0.1557333355931807 0
91 1.473309862342979 0.1067205779437251 0
92 1.312667893318331 0.06669459928766432 0
93 1.862314284754985 0.5840676088287892 0
94 1.030885362848653 0.03616498353207061 0
95 0.9987122173329532 0.0338292244184371 0
96 1.751573182254296 0.1200167485464375 0
97 1.363952211109442 0.4358238069367522 0
98 1.128233335876863 0.03230453693227834 0
99 1.585668613598662 0.6353457263175789 0
100 1.01547442290956 0.01974098612163617 0
101 1.133691675532935 0.2404470946708179 0
102 1.059818054651214 0.01716350741688168 0
103 1.034355603014175 0.01191300775840703 0
104 0.8629109272461695 0.4945439873476614 0
105 0.9620150711269818 0.03805453632732256 0
106 1.93682913195868 0.3120756205256478 0
107 1.223258302183838 0.02907224570553666 0
108 1.306428218673668 0.7185348296994379 0
109 1.003750932889098 0.01139857212674674 0
110 0.9897268472216576 0.01188029722939396 0
111 1.433735397331066 0.2786483047771737 0
112 1.983890022250914 0.02810819868623053 0
113 1.089009392458667 0.01025934156944629 0
114 1.002569414110334 0.7327439795066616 0
115 1.974277129494762 0.7784447235201996 0
116 1.215686735483777 0.3599575387858879 0
117 1.012460671836729 0.006684636654662115 0
118 1.0221737919653 0.005258758852541946 0
119 1.591924776951193 0.0006617683662798363 0
120 0.6476881657594172 0.2246585837051929 0
121 0.4142227276261788 0.6961465181222194 0
122 1.386562316504966 0.007508091381362297 0
123 1.753225651920477 0.7772445751452486 0
124 0.7827944419679934 0.7105709276858291 0
125 1.610826671711135 0.1844825112016345 0
126 0.8312013306830999 0.322702357626511 0
127 1.759125221065683 0.2759701341663992 0
128 1.159218476267237 0.00248089077379474 0
129 2.028004430280553 0.4797529091616901 0
130 1.28883109337655 -0.01122763670611605 0
131 1.373711498044718 0.1541288036514517 0
132 1.729368557157178 0.4380167028728834 0
133 0.9998379118834474 0.00680323834454045 0
134 1.004088785209193 0.004622899740593179 0
135 1.101026412099409 0.1103810194857139 0
136 1.093692420780374 0.3432395874431304 0
137 0.9631896218986699 0.1525339871037051 0
138 2.029230745548769 0.1733127321003373 0
139 1.11863219381903 -0.001995673708973265 0
140 1.238713285175519 0.1050743721160058 0
141 0.888688301872869 0.07990850343805173 0
142 0.3853441807467741 0.2914935750388984 0
143 0.963261726435065 0.3974585290151122 0
144 0.9717450342889878 0.01963945689771121 0
145 1.046900983745078 0.00303572694227197 0
146 1.064490013178416 0.001139961008533429 0
147 1.538111212420908 0.4903282524950086 0
148 1.328102750169893 0.3220837136985328 0
149 1.733164214505713 -0.05362555373244703 0
150 1.274272865183342 0.5631681410380008 0
151 1.031848514579983 0.0007609193003338063 0
152 1.487467813872562 -0.01960463587235146 0
153 1.140778084276352 0.6517324826424632 0
154 1.483758722865535 0.8039709714532872 0
155 1.42150659048046 0.605820050208822 0
156 1.188568586638371 0.1655725985235464 0
157 0.996508691663296 0.5495627754769925 0
158 1.007445497858283 0.002658279981372527 0
159 1.027539497619454 0.07474026929657918 0
160 1.885696824223143 0.1819215073196205 0
161 1.872034917094706 -0.09235568543327496 0
162 0.7306811913566937 0.1414150871591802 0
163 2.04921811893349 0.6291062438249252 0
164 1.174852531179012 0.05293489195043952 0
165 1.081152227758987 0.2088772467987255 0
166 2.06811407886673 0.304132622090058 0
167 2.057686395193427 -0.0855412176478771 0
168 1.526621726534601 0.2110480656778081 0
169 1.164754518449127 0.8310609236892855 0
170 1.879688977706508 0.4407403746739668 0
171 1.731815073399237 0.585728834673645 0
172 1.206683253863177 -0.006988770197321496 0
173 1.109872742058251 0.07121393801165932 0
174 1.386270268499271 0.08095383702276335 0
175 0.9573307797842521 0.1028277968922398 0
176 1.205230024438286 0.2758011749304589 0
177 0.9112092508889931 0.2348416700318664 0
178 1.096091967368663 0.04016561083962904 0
179 1.495693383199708 0.3745440221515786 0
180 1.303628773461931 0.1447040498476015 0
181 0.5417954085072844 0.8442152927010991 0
182 1.242220447130668 -0.029904999726828 0
183 2.075473487023098 0.8584065357139353 0
184 0.6680650985346455 0.5849263770362243 0
185 0.898526615901285 0.6583220926503056 0
186 0.788956277184925 0.0808322741988857 0
187 0.7683625649785405 0.2343753929477979 0
188 0.6950604664619642 0.3468906619063738 0
189 0.3638052692786765 0.4946475664742043 0
190 1.589365934220732 0.112803421277459 0
191 0.9068095432445071 0.04557182497416964 0
192 1.274786078025068 0.4622214472804649 0
193 1.0134305589699 0.001531463278747882 0
194 1.001315982575207 0.00329000424184974 0
195 1.097732701447427 -0.007290414631585544 0
196 0.2357142857150331 0.8160882855081538 0
197 2.082157419128507 0.06158123402013116 0
198 0.8577992201906985 0.868495696523136 0
199 1.336265579006712 0.2491137867834227 0
200 1.697805183063128 0.06539750164144895 0
201 1.636075480325222 0.4494495953756421 0
202 1.886265629239644 0.007559315652699765 0
203 1.000405879344114 0.1840975242586076 0
204 1.070906828509153 0.09671343571844532 0
205 0.9989038184228438 0.002690894824531785 0
206 1.050595195920873 0.4251439390159191 0
207 1.338722334764137 -0.02954734542806581 0
208 1.077580654546205 0.1611103668808516 0
209 1.025572917144399 -0.0006093811581137844 0
210 1.444199272314834 0.04639131363079597 0
211 1.14526497733926 0.128257253958739 0
212 1.013462021797969 0.05097291583913407 0
213 0.9363493885648829 0.0241112683933325 0
214 1.666036900995167 0.2679824713020785 0
215 1.07991640412237 -0.001574099732579297 0
216 1.145719791845753 0.4079279132940318 0
217 1.711596901397268 0.1973470745066641 0
218 1.605922011599869 0.7656983605742137 0
219 0.9912080255250145 0.1199770501598296 0
220 1.427972169109006 -0.05147257512504242 0
221 1.645067016380622 -0.07908670794387336 0
222 0.5197877629470653 0.5538373103467404 0
223 0.6190655742246346 0.1101476006393296 0
224 1.866684100091522 0.7044911043944319 0
225 2.110580503648818 0.3867430452220395 0
226 1.699439304512264 0.3583596152202629 0
227 1.35452570084885 0.8570098892270963 0
228 1.203938513811743 0.07569602953885803 0
229 0.1953413357750203 0.6023446840229814 0
230 0.9190934803211382 0.3368141641152423 0
231 0.9823925118948711 0.03002191541021314 0
232 0.9861042284746552 0.04975875766084734 0
233 1.051119808621232 0.03949429773470599 0
234 0.9833149461612134 0.006687075554426996 0
235 1.133887612770435 -0.01530510315307547 0
236 1.410175685437841 0.3547181325222722 0
237 1.551245548191433 -0.0687558528472727 0
238 1.32415249151668 0.02226760477101188 0
239 1.08567768531977 0.2688780556367911 0
240 1.971101580328374 -0.1603799083718153 0
241 0.8707109783849757 0.04211584071404981 0
242 1.535299569011407 0.2938319756049624 0
243 0.1878788943797935 0.382100809828065 0
244 1.052247326033673 -0.004576660261235477 0
245 1.077853892335204 0.02783634959907728 0
246 1.872309887002197 0.8342097336627602 0
247 1.014463134860955 0.03419543551218725 0
248 0.9945656636953875 0.005217661557501741 0
249 1.80144243425444 0.3708234465113438 0
250 1.045390072661951 0.02619263903682283 0
251 1.449063367378648 0.175594764241344 0
252 1.242785245638351 0.1516899572602642 0
253 1.005096280546389 0.001388784648501028 0
254 1.010491341341414 0.8465819657279738 0
255 1.526600363343772 0.04984827767071216 0
256 2.07254323820098 0.7299662366717594 0
257 2.104972636499509 -0.1669601418237946 0
258 1.950218073822245 0.1128378131583311 0
259 1.00198455036749 0.3331242795221233 0
260 1.139092846832752 0.0602352821978637 0
261 1.274748591546168 0.03980235718847035 0
262 1.035641380985549 -0.003912225596620332 0
263 1.024715985799737 0.01485505400439652 0
264 1.184866222974349 0.02147782966137554 0
265 1.989924699811749 0.565633978525055 0
266 2.103954153145349 0.5654510404722881 0
267 0.5045201706426028 0.1996114670656765 0
268 1.990622234297756 0.3852625692828636 0
269 1.020574685848471 -0.0009609891420120255 0
270 0.9583241757360745 0.01348128237635152 0
271 1.157457461956058 -0.02107902383930243 0
272 1.183148739080673 -0.02664346512195783 0
273 0.3936032371415104 0.8567365401426658 0
274 1.148073800795635 0.3001374475867785 0
275 1.436957018997892 0.5141509056004713 0
276 0.2047753605883224 0.1710187908510893 0
277 1.009914037261729 0.0001992114676226776 0
278 2.115779175989292 0.2128352119808272 0
279 1.004756798712179 0.02140382591530879 0
280 1.860918734180942 0.2766400125927129 0
281 1.498415432761347 0.6885296824915041 0
282 1.271417821731578 0.2721041455878637 0
283 1.016244298355579 -0.0008166194337363235 0
284 1.10966777144344 0.01976786563625969 0
285 0.7016337290976091 0.8543595914734081 0
286 1.042808262677665 -0.004055999657936386 0
287 1.680361210386088 0.8788815350895786 0
288 1.286457166566402 0.3827428572273127 0
289 1.275757764978304 -0.04714558613472989 0
290 0.7881869367061145 0.4302246594993616 0
291 1.18525625299848 0.573461349114032 0
292 1.089312523815537 0.574157427112147 0
293 1.002766009006281 0.001526255247104521 0
294 1.197354354530268 0.1190274721880742 0
295 1.225981532056457 0.2142998228128364 0
296 1.014444953355562 0.09865936135744804 0
297 1.074217551349174 0.01096501197227187 0
298 1.961265970460308 0.231229287223454 0
299 1.351309436593509 0.5281901057768008 0
300 1.017208985576217 0.01091602702946414 0
301 1.134906317507233 0.01120428568821839 0
302 1.626809968988419 0.5561258264484862 0
303 1.242435529066294 0.6468785560298961 0
304 0.5578429759123938 0.3165150355091987 0
305 1.960833410094785 0.6663186077349904 0
306 0.9974026594338783 0.0137711487014435 0
307 1.794900227018928 -0.1154218287397795 0
308 1.336387383355256 0.1031384704225236 0
309 0.9087618798864593 0.1206133186798941 0
310 1.805764093457152 0.1986780657216233 0
311 1.489455562664679 -0.0814189363064028 0
312 1.044538867425574 0.01306379181213598 0
313 1.666603060393548 -0.007155149933026177 0
314 2.121853645621699 -0.01837249185424862 0
315 1.196513475273844 0.4588107737355043 0
316 1.517911472874614 0.5817167405936452 0
317 1.812142257330284 0.4959227347038047 0
318 1.677628381559741 0.6694605839445109 0
319 1.563417745601931 0.4143611173789125 0
320 1.33737533935044 0.1946996168459087 0
321 1.113927749952218 -0.0166799421058545 0
322 1.966559505196392 0.9078713301324446 0
323 1.37716041295006 -0.05428552333397532 0
324 1.131280904778746 0.09291429981907855 0
325 1.772325805840511 0.6747408848151399 0
326 1.022826864435101 0.02629553052401996 0
327 1.592687389283687 0.2540989639018278 0
328 0.8816381456058515 0.4116182471472058 0
329 1.128504439600716 0.17975569443061 0
330 1.020848629358703 0.6400490798369299 0
331 1.453005518807956 0.4387435159132875 0
332 1.419793852583877 0.1274331472433387 0
333 0.6071196885468189 0.706066373095053 0
334 1.060956925997132 -0.008951367901452947 0
335 1.33301435421768 0.6269436885485506 0
336 1.849887682257352 0.1068836403459511 0
337 0.9339961487953191 0.06666822938198785 0
338 0.9675933110499437 0.069470782988927 0
339 1.052672380202589 0.5054311438784614 0
340 1.017015498758699 0.003768879539944623 0
341 1.071259307449302 0.1259258557927172 0
342 1.39960816997459 0.7168015186047829 0
343 0.7130556886053987 0.06647899239947908 0
344 0.8471854988749786 0.2276649847766202 0
345 1.251640173913255 0.00897260218949467 0
346 1.52784092013252 0.1412130905396766 0
347 1.041203574821088 0.05411378421074565 0
348 1.206824397455967 -0.0342542870323633 0
349 1.09784616520596 0.7443194769935876 0
350 0.9926287360602961 0.02196982950966869 0
351 1.070893533532485 -0.009947673154061963 0
352 1.770597807310097 0.02727593894393045 0
353 0.4070155007270512 0.1035391020092666 0
354 1.039644112043564 0.1747925807031624 0
355 1.237876538096518 0.06452780457103729 0
356 1.03024294762787 -0.003868489482655039 0
357 0.989484090418578 0.00475700686826454 0
358 0.8067816367230984 0.1584048177696413 0
359 1.397659099475466 0.220944862027928 0
360 1.010538479627088 0.01297020493730077 0
361 1.153528288439574 0.03010628620066171 0
362 1.206572699772502 0.7359218049013867 0
363 1.281790819075548 0.1030099795391669 0
364 0.8007030484060074 0.5666595876748566 0
365 1.007145855764801 0.0001379325411268701 0
366 0.9602206742575822 0.4785292906060882 0
367 2.125143102055964 0.6527508041934353 0
368 1.033785459364198 0.02141416777797549 0
369 1.969412246689182 -0.05350431195879064 0
370 1.008021224565046 0.006768370464246673 0
371 1.941633783831416 0.4916308604749786 0
372 1.083950643591439 0.07527389724229631 0
373 1.082389924649944 -0.01281007899758237 0
374 2.128507817414944 0.4787189846850289 0
375 1.728039747928832 -0.128246709200394 0
376 1.662469027256231 0.1226226337918059 0
377 0.8480790250421164 0.1007095632663724 0
378 2.140389872104036 0.294850315670267 0
379 0.905898474813388 0.7547968943041423 0
380 1.054237588104706 0.006854338842496331 0
381 1.379850810601967 0.2913347676497384 0
382 2.122270125476025 0.1246474553742173 0
383 0.905492293996917 0.02131956900173927 0
384 1.037806051791071 0.004097750355464213 0
385 1.563903863361719 0.8766197414345545 0
386 0.6940028580978407 0.468540507012755 0
387 1.306316356424624 -0.05075845208425385 0
388 1.888873777156101 0.3595865824211912 0
389 1.787898755329322 0.9062311661919717 0
390 0.9836319377205931 0.09233002138981423 0
391 1.808885699457005 -0.04814492991355094 0
392 0.4748409506622193 0.4072401021426642 0
393 1.160398655630749 0.3543275441600055 0
394 0.9662740667629421 0.2188499134374173 0
395 1.000910737769879 0.001417408496703316 0
396 0.9733839516697852 0.008636730994077135 0
397 1.43427589407559 -0.004537565128428817 0
398 1.347054005155347 0.3755392855329401 0
399 0.09662231682886946 0.8783828141938694 0
400 1.028773498636037 0.007401883412333272 0
401 1.707242267440068 0.5050487388148922 0
402 0.913957652729232 0.5659464123612662 0
403 1.039699704340054 0.2894463568745713 0
404 1.349208070638901 0.05611252057706509 0
405 2.12242801995713 0.9415201840559044 0
406 1.199482116932047 0.04656097189868388 0
407 1.115540868182565 0.04970423175942812 0
408 1.012719697823588 -0.001121506891509665 0
409 1.859246006553181 -0.1737764902666676 0
410 2.136902535462927 -0.0883947274082246 0
411 1.043457325129063 0.09811829576935155 0
412 2.044845469594438 -0.01714865062584869 0
413 0.8227262903262361 0.04343786836236751 0
414 1.110733731663446 0.1447053310180391 0
415 1.261378899677988 0.3225378860460112 0
416 2.030830041251523 0.2440259292010372 0
417 1.219950581466471 0.5104818796442641 0
418 1.468829616452144 0.2401554931416659 0
419 0.9101273783178929 0.1815941975453988 0
420 1.181628057280167 -0.004343734959351776 0
421 0.8886250240955849 0.2778643341548548 0
422 1.247766922250509 0.8953955375325789 0
423 1.062063672072275 0.03156722702651557 0
424 0.9476205187603755 0.2776062305807341 0
425 1.093474352727168 0.02438374234034925 0
426 1.01040783795453 0.003460393744793699 0
427 1.026400576385389 0.2283049909897628 0
428 1.53930962558974 -0.009462610670658041 0
429 0.9821986712161351 0.01647255093258185 0
430 1.616858790883758 0.05629879699553038 0
431 1.474818927556476 0.9085999837917915 0
432 2.027289082305614 0.1028250816244244 0
433 1.477518003704646 0.3148050661912234 0
434 1.056091193157989 0.0745836360954398 0
435 1.174772105525364 0.2054895435848587 0
436 2.124821680793268 0.8007325834721759 0
437 1.256009611998931 0.8075845970099572 0
438 1.008459143038981 0.1497049350054311 0
439 1.997532291367 0.2953452056646121 0
440 0.5133388750606589 0.1024491492357374 0
$EndNodes
$Elements
878
1 1 2 3 1 1 6
2 1 2 3 1 6 7
3 1 2 3 1 7 8
4 1 2 3 1 8 9
5 1 2 3 1 9 10
6 1 2 3 1 10 11
7 1 2 3 1 11 12
8 1 2 3 1 12 13
9 1 2 3 1 13 14
10 1 2 3 1 14 15
11 1 2 3 1 15 16
12 1 2 3 1 16 17
13 1 2 3 1 17 18
14 1 2 3 1 18 2
15 1 2 3 2 2 19
16 1 2 3 2 19 20
17 1 2 3 2 20 21
18 1 2 3 2 21 22
19 1 2 3 2 22 23
20 1 2 3 2 23 24
21 1 2 3 2 24 25
22 1 2 3 2 25 26
23 1 2 3 2 26 27
24 1 2 3 2 27 28
25 1 2 3 2 28 29
26 1 2 3 2 29 30
27 1 2 3 2 30 31
28 1 2 3 2 31 32
29 1 2 3 2 32 33
30 1 2 3 2 33 34
31 1 2 3 2 34 35
32 1 2 3 2 35 36
33 1 2 3 2 36 37
34 1 2 3 2 37 38
35 1 2 3 2 38 39
36 1 2 3 2 39 40
37 1 2 3 2 40 41
38 1 2 3 2 41 42
39 1 2 3 2 42 43
40 1 2 3 2 43 44
41 1 2 3 2 44 45
42 1 2 3 2 45 46
43 1 2 3 2 46 47
44 1 2 3 2 47 48
45 1 2 3 2 48 49
46 1 2 3 2 49 50
47 1 2 3 2 50 51
48 1 2 3 2 51 3
49 1 2 2 3 3 52
50 1 2 2 3 52 53
51 1 2 2 3 53 54
52 1 2 2 3 54 55
53 1 2 2 3 55 56
54 1 2 2 3 56 57
55 1 2 2 3 57 58
56 1 2 2 3 58 59
57 1 2 2 3 59 60
58 1 2 2 3 60 61
59 1 2 2 3 61 62
60 1 2 2 3 62 63
61 1 2 2 3 63 64
62 1 2 2 3 64 4
63 1 2 2 4 4 65
64 1 2 2 4 65 66
65 1 2 2 4 66 67
66 1 2 2 4 67 68
67 1 2 2 4 68 69
68 1 2 2 4 69 70
69 1 2 2 4 70 71
70 1 2 2 4 71 72
71 1 2 2 4 72 73
72 1 2 2 4 73 74
73 1 2 2 4 74 75
74 1 2 2 4 75 76
75 1 2 2 4 76 77
76 1 2 2 4 77 5
77 1 2 1 5 5 78
78 1 2 1 5 78 79
79 1 2 1 5 79 80
80 1 2 1 5 80 1
81 2 2 4 1 165 329 101
82 2 2 4 1 121 333 181
83 2 2 4 1 222 333 121
84 2 2 4 1 133 306 248
85 2 2 4 1 122 210 174
86 2 2 4 1 195 284 113
87 2 2 4 1 83 226 201
88 2 2 4 1 239 427 165
89 2 2 4 1 171 317 93
90 2 2 4 1 126 188 187
91 2 2 4 1 104 364 290
92 2 2 4 1 210 332 174
93 2 2 4 1 252 294 140
94 2 2 4 1 339 366 206
95 2 2 4 1 182 345 172
96 2 2 4 1 168 346 125
97 2 2 4 1 170 388 268
98 2 2 4 1 238 261 130
99 2 2 4 1 227 342 154
100 2 2 4 1 192 315 116
101 2 2 4 1 206 366 143
102 2 2 4 1 101 435 176
103 2 2 4 1 144 231 105
104 2 2 4 1 164 228 86
105 2 2 4 1 75 181 74
106 2 2 4 1 101 239 165
107 2 2 4 1 285 333 124
108 2 2 4 1 116 274 176
109 2 2 4 1 35 195 34
110 2 2 4 1 162 187 120
111 2 2 4 1 313 352 200
112 2 2 4 1 156 294 252
113 2 2 4 1 124 364 185
114 2 2 4 1 176 274 101
115 2 2 4 1 108 342 227
116 2 2 4 1 129 266 265
117 2 2 4 1 84 252 180
118 2 2 4 1 268 371 170
119 2 2 4 1 172 345 107
120 2 2 4 1 302 316 147
121 2 2 4 1 199 282 84
122 2 2 4 1 86 294 211
123 2 2 4 1 288 398 97
124 2 2 4 1 254 379 114
125 2 2 4 1 116 288 192
126 2 2 4 1 112 258 202
127 2 2 4 1 93 325 171
128 2 2 4 1 110 357 248
129 2 2 4 1 192 288 97
130 2 2 4 1 185 379 124
131 2 2 4 1 174 404 122
132 2 2 4 1 261 363 355
133 2 2 4 1 179 242 83
134 2 2 4 1 364 386 290
135 2 2 4 1 41 182 40
136 2 2 4 1 282 295 84
137 2 2 4 1 201 226 132
138 2 2 4 1 249 317 132
139 2 2 4 1 206 259 136
140 2 2 4 1 256 305 163
141 2 2 4 1 105 270 144
142 2 2 4 1 187 188 120
143 2 2 4 1 189 222 121
144 2 2 4 1 259 424 82
145 2 2 4 1 190 430 376
146 2 2 4 1 225 378 58
147 2 2 4 1 121 229 189
148 2 2 4 1 102 380 146
149 2 2 4 1 171 401 317
150 2 2 4 1 221 237 47
151 2 2 4 1 136 216 206
152 2 2 4 1 190 376 125
153 2 2 4 1 208 329 165
154 2 2 4 1 88 245 178
155 2 2 4 1 91 332 210
156 2 2 4 1 139 284 195
157 2 2 4 1 201 302 147
158 2 2 4 1 18 248 17
159 2 2 4 1 6 276 1
160 2 2 4 1 222 392 89
161 2 2 4 1 125 346 190
162 2 2 4 1 61 266 60
163 2 2 4 1 170 317 249
164 2 2 4 1 202 369 112
165 2 2 4 1 205 248 18
166 2 2 4 1 265 266 163
167 2 2 4 1 116 393 274
168 2 2 4 1 255 346 91
169 2 2 4 1 61 367 266
170 2 2 4 1 59 225 58
171 2 2 4 1 184 222 89
172 2 2 4 1 178 372 88
173 2 2 4 1 87 212 159
174 2 2 4 1 48 221 47
175 2 2 4 1 176 295 282
176 2 2 4 1 212 232 95
177 2 2 4 1 47 237 46
178 2 2 4 1 181 333 285
179 2 2 4 1 196 229 121
180 2 2 4 1 215 373 195
181 2 2 4 1 64 436 63
182 2 2 4 1 116 315 216
183 2 2 4 1 140 363 252
184 2 2 4 1 125 327 168
185 2 2 4 1 240 257 167
186 2 2 4 1 77 196 76
187 2 2 4 1 92 261 238
188 2 2 4 1 161 369 202
189 2 2 4 1 97 299 192
190 2 2 4 1 181 285 74
191 2 2 4 1 133 134 109
192 2 2 4 1 403 427 239
193 2 2 4 1 27 209 26
194 2 2 4 1 269 340 283
195 2 2 4 1 198 285 124
196 2 2 4 1 184 364 124
197 2 2 4 1 125 217 214
198 2 2 4 1 51 257 240
199 2 2 4 1 45 220 44
200 2 2 4 1 198 379 254
201 2 2 4 1 8 223 7
202 2 2 4 1 65 405 4
203 2 2 4 1 231 232 105
204 2 2 4 1 195 373 34
205 2 2 4 1 88 423 245
206 2 2 4 1 258 298 160
207 2 2 4 1 138 298 258
208 2 2 4 1 180 320 84
209 2 2 4 1 268 388 106
210 2 2 4 1 89 386 184
211 2 2 4 1 83 319 179
212 2 2 4 1 115 305 256
213 2 2 4 1 200 352 96
214 2 2 4 1 182 348 40
215 2 2 4 1 169 422 71
216 2 2 4 1 317 401 132
217 2 2 4 1 139 301 284
218 2 2 4 1 235 271 128
219 2 2 4 1 183 436 64
220 2 2 4 1 133 194 134
221 2 2 4 1 189 243 142
222 2 2 4 1 214 226 83
223 2 2 4 1 211 294 156
224 2 2 4 1 206 216 81
225 2 2 4 1 95 247 212
226 2 2 4 1 127 280 249
227 2 2 4 1 21 253 20
228 2 2 4 1 166 378 225
229 2 2 4 1 189 392 222
230 2 2 4 1 141 377 241
231 2 2 4 1 75 273 181
232 2 2 4 1 309 337 175
233 2 2 4 1 8 343 223
234 2 2 4 1 128 301 235
235 2 2 4 1 317 371 93
236 2 2 4 1 264 361 128
237 2 2 4 1 124 379 198
238 2 2 4 1 131 308 174
239 2 2 4 1 150 417 192
240 2 2 4 1 78 229 196
241 2 2 4 1 258 336 202
242 2 2 4 1 13 213 12
243 2 2 4 1 73 198 72
244 2 2 4 1 218 281 99
245 2 2 4 1 92 363 261
246 2 2 4 1 190 346 255
247 2 2 4 1 214 217 127
248 2 2 4 1 71 254 169
249 2 2 4 1 207 238 130
250 2 2 4 1 113 215 195
251 2 2 4 1 119 237 221
252 2 2 4 1 148 282 199
253 2 2 4 1 197 314 55
254 2 2 4 1 127 226 214
255 2 2 4 1 223 343 162
256 2 2 4 1 93 305 224
257 2 2 4 1 73 285 198
258 2 2 4 1 149 352 313
259 2 2 4 1 229 243 189
260 2 2 4 1 78 399 5
261 2 2 4 1 377 413 241
262 2 2 4 1 203 394 137
263 2 2 4 1 170 371 317
264 2 2 4 1 224 325 93
265 2 2 4 1 84 320 199
266 2 2 4 1 319 331 179
267 2 2 4 1 184 386 364
268 2 2 4 1 124 333 184
269 2 2 4 1 122 404 238
270 2 2 4 1 156 329 211
271 2 2 4 1 172 348 182
272 2 2 4 1 109 360 279
273 2 2 4 1 192 299 150
274 2 2 4 1 86 260 164
275 2 2 4 1 198 254 72
276 2 2 4 1 185 330 114
277 2 2 4 1 265 305 93
278 2 2 4 1 95 232 231
279 2 2 4 1 146 297 102
280 2 2 4 1 51 240 50
281 2 2 4 1 181 273 121
282 2 2 4 1 101 274 239
283 2 2 4 1 9 413 186
284 2 2 4 1 252 363 180
285 2 2 4 1 120 223 162
286 2 2 4 1 43 323 207
287 2 2 4 1 99 316 302
288 2 2 4 1 176 415 116
289 2 2 4 1 164 406 228
290 2 2 4 1 230 424 259
291 2 2 4 1 94 347 212
292 2 2 4 1 152 255 210
293 2 2 4 1 49 375 48
294 2 2 4 1 55 382 197
295 2 2 4 1 105 337 213
296 2 2 4 1 143 259 206
297 2 2 4 1 115 256 183
298 2 2 4 1 13 270 213
299 2 2 4 1 102 297 245
300 2 2 4 1 315 417 81
301 2 2 4 1 16 234 15
302 2 2 4 1 176 435 295
303 2 2 4 1 83 327 214
304 2 2 4 1 135 372 173
305 2 2 4 1 196 399 78
306 2 2 4 1 210 255 91
307 2 2 4 1 227 437 108
308 2 2 4 1 127 249 226
309 2 2 4 1 129 371 268
310 2 2 4 1 197 432 112
311 2 2 4 1 278 378 166
312 2 2 4 1 107 264 172
313 2 2 4 1 280 388 249
314 2 2 4 1 376 430 200
315 2 2 4 1 247 279 100
316 2 2 4 1 212 247 94
317 2 2 4 1 211 324 86
318 2 2 4 1 173 372 178
319 2 2 4 1 171 318 302
320 2 2 4 1 88 347 233
321 2 2 4 1 394 419 137
322 2 2 4 1 141 337 309
323 2 2 4 1 2 205 18
324 2 2 4 1 166 416 278
325 2 2 4 1 174 332 131
326 2 2 4 1 11 241 10
327 2 2 4 1 130 387 207
328 2 2 4 1 225 268 166
329 2 2 4 1 147 331 319
330 2 2 4 1 196 273 76
331 2 2 4 1 162 358 187
332 2 2 4 1 10 413 9
333 2 2 4 1 201 319 83
334 2 2 4 1 279 306 109
335 2 2 4 1 135 324 211
336 2 2 4 1 188 304 120
337 2 2 4 1 167 412 369
338 2 2 4 1 256 436 183
339 2 2 4 1 242 327 83
340 2 2 4 1 126 290 188
341 2 2 4 1 134 370 109
342 2 2 4 1 91 346 251
343 2 2 4 1 112 412 197
344 2 2 4 1 159 296 87
345 2 2 4 1 302 318 99
346 2 2 4 1 9 343 8
347 2 2 4 1 85 341 208
348 2 2 4 1 167 369 240
349 2 2 4 1 180 308 131
350 2 2 4 1 37 235 36
351 2 2 4 1 31 244 30
352 2 2 4 1 183 322 115
353 2 2 4 1 355 363 140
354 2 2 4 1 119 430 255
355 2 2 4 1 45 311 220
356 2 2 4 1 207 387 43
357 2 2 4 1 143 328 230
358 2 2 4 1 16 357 234
359 2 2 4 1 175 390 219
360 2 2 4 1 226 249 132
361 2 2 4 1 184 333 222
362 2 2 4 1 230 259 143
363 2 2 4 1 138 432 382
364 2 2 4 1 114 349 254
365 2 2 4 1 185 402 330
366 2 2 4 1 187 344 126
367 2 2 4 1 115 246 224
368 2 2 4 1 153 349 330
369 2 2 4 1 281 316 99
370 2 2 4 1 225 374 129
371 2 2 4 1 307 375 49
372 2 2 4 1 235 301 139
373 2 2 4 1 255 430 190
374 2 2 4 1 96 376 200
375 2 2 4 1 121 273 196
376 2 2 4 1 154 281 218
377 2 2 4 1 284 407 178
378 2 2 4 1 48 375 221
379 2 2 4 1 133 205 194
380 2 2 4 1 142 392 189
381 2 2 4 1 242 418 168
382 2 2 4 1 81 417 291
383 2 2 4 1 160 298 280
384 2 2 4 1 248 306 110
385 2 2 4 1 26 269 25
386 2 2 4 1 70 227 69
387 2 2 4 1 155 316 281
388 2 2 4 1 146 351 215
389 2 2 4 1 2 395 205
390 2 2 4 1 284 301 98
391 2 2 4 1 41 289 182
392 2 2 4 1 228 294 86
393 2 2 4 1 252 295 156
394 2 2 4 1 234 357 110
395 2 2 4 1 44 323 43
396 2 2 4 1 280 298 106
397 2 2 4 1 212 347 159
398 2 2 4 1 122 238 207
399 2 2 4 1 129 268 225
400 2 2 4 1 168 327 242
401 2 2 4 1 96 310 217
402 2 2 4 1 220 323 44
403 2 2 4 1 94 250 233
404 2 2 4 1 120 267 223
405 2 2 4 1 276 353 142
406 2 2 4 1 191 337 141
407 2 2 4 1 224 246 123
408 2 2 4 1 213 270 105
409 2 2 4 1 330 402 157
410 2 2 4 1 71 422 70
411 2 2 4 1 344 358 90
412 2 2 4 1 122 397 210
413 2 2 4 1 35 321 195
414 2 2 4 1 147 319 201
415 2 2 4 1 156 435 329
416 2 2 4 1 64 405 183
417 2 2 4 1 182 289 130
418 2 2 4 1 202 391 161
419 2 2 4 1 131 320 180
420 2 2 4 1 122 323 220
421 2 2 4 1 242 433 418
422 2 2 4 1 219 296 85
423 2 2 4 1 98 407 284
424 2 2 4 1 96 336 310
425 2 2 4 1 138 382 278
426 2 2 4 1 272 420 271
427 2 2 4 1 209 269 26
428 2 2 4 1 266 367 163
429 2 2 4 1 157 366 339
430 2 2 4 1 102 423 250
431 2 2 4 1 89 304 188
432 2 2 4 1 155 335 299
433 2 2 4 1 129 374 266
434 2 2 4 1 179 331 236
435 2 2 4 1 7 353 6
436 2 2 4 1 175 219 137
437 2 2 4 1 99 318 218
438 2 2 4 1 130 345 182
439 2 2 4 1 283 340 193
440 2 2 4 1 251 346 168
441 2 2 4 1 271 420 128
442 2 2 4 1 312 368 103
443 2 2 4 1 11 383 241
444 2 2 4 1 254 349 169
445 2 2 4 1 359 381 199
446 2 2 4 1 155 299 275
447 2 2 4 1 87 338 232
448 2 2 4 1 29 262 28
449 2 2 4 1 55 314 54
450 2 2 4 1 123 287 218
451 2 2 4 1 218 318 123
452 2 2 4 1 161 409 240
453 2 2 4 1 82 427 403
454 2 2 4 1 164 361 264
455 2 2 4 1 217 376 96
456 2 2 4 1 217 310 127
457 2 2 4 1 134 253 158
458 2 2 4 1 79 229 78
459 2 2 4 1 282 415 176
460 2 2 4 1 215 297 146
461 2 2 4 1 1 276 80
462 2 2 4 1 230 328 126
463 2 2 4 1 216 393 116
464 2 2 4 1 132 401 201
465 2 2 4 1 214 327 125
466 2 2 4 1 114 379 185
467 2 2 4 1 62 436 256
468 2 2 4 1 344 421 126
469 2 2 4 1 76 273 75
470 2 2 4 1 210 397 152
471 2 2 4 1 131 359 320
472 2 2 4 1 115 322 246
473 2 2 4 1 14 396 270
474 2 2 4 1 173 324 135
475 2 2 4 1 384 400 151
476 2 2 4 1 96 352 336
477 2 2 4 1 93 371 265
478 2 2 4 1 245 297 113
479 2 2 4 1 204 372 135
480 2 2 4 1 207 323 122
481 2 2 4 1 63 436 62
482 2 2 4 1 220 311 152
483 2 2 4 1 111 381 359
484 2 2 4 1 84 295 252
485 2 2 4 1 267 304 142
486 2 2 4 1 243 276 142
487 2 2 4 1 246 322 66
488 2 2 4 1 236 331 97
489 2 2 4 1 134 293 253
490 2 2 4 1 136 393 216
491 2 2 4 1 213 337 191
492 2 2 4 1 66 389 246
493 2 2 4 1 68 287 67
494 2 2 4 1 88 434 347
495 2 2 4 1 245 423 102
496 2 2 4 1 309 377 141
497 2 2 4 1 53 257 52
498 2 2 4 1 304 392 142
499 2 2 4 1 42 289 41
500 2 2 4 1 336 352 202
501 2 2 4 1 211 414 135
502 2 2 4 1 235 321 36
503 2 2 4 1 23 277 22
504 2 2 4 1 289 387 130
505 2 2 4 1 72 254 71
506 2 2 4 1 160 336 258
507 2 2 4 1 208 354 85
508 2 2 4 1 255 428 119
509 2 2 4 1 221 313 119
510 2 2 4 1 187 358 344
511 2 2 4 1 154 342 281
512 2 2 4 1 291 292 81
513 2 2 4 1 241 383 191
514 2 2 4 1 209 400 118
515 2 2 4 1 137 438 203
516 2 2 4 1 14 270 13
517 2 2 4 1 57 278 56
518 2 2 4 1 79 243 229
519 2 2 4 1 39 272 38
520 2 2 4 1 286 384 262
521 2 2 4 1 239 274 136
522 2 2 4 1 70 422 227
523 2 2 4 1 382 432 197
524 2 2 4 1 219 438 137
525 2 2 4 1 152 311 237
526 2 2 4 1 111 433 236
527 2 2 4 1 20 293 19
528 2 2 4 1 125 376 217
529 2 2 4 1 118 340 269
530 2 2 4 1 112 432 258
531 2 2 4 1 236 433 179
532 2 2 4 1 330 349 114
533 2 2 4 1 186 343 9
534 2 2 4 1 38 271 37
535 2 2 4 1 43 387 42
536 2 2 4 1 320 359 199
537 2 2 4 1 256 367 62
538 2 2 4 1 81 339 206
539 2 2 4 1 237 311 46
540 2 2 4 1 244 380 145
541 2 2 4 1 194 293 134
542 2 2 4 1 296 390 87
543 2 2 4 1 224 305 115
544 2 2 4 1 15 396 14
545 2 2 4 1 80 243 79
546 2 2 4 1 82 403 259
547 2 2 4 1 12 383 11
548 2 2 4 1 25 283 24
549 2 2 4 1 183 405 65
550 2 2 4 1 98 361 260
551 2 2 4 1 153 330 292
552 2 2 4 1 77 399 196
553 2 2 4 1 100 326 247
554 2 2 4 1 244 286 30
555 2 2 4 1 6 353 276
556 2 2 4 1 37 271 235
557 2 2 4 1 148 381 236
558 2 2 4 1 279 360 100
559 2 2 4 1 103 384 312
560 2 2 4 1 233 347 94
561 2 2 4 1 240 369 161
562 2 2 4 1 131 332 251
563 2 2 4 1 260 324 173
564 2 2 4 1 220 397 122
565 2 2 4 1 218 385 154
566 2 2 4 1 74 285 73
567 2 2 4 1 253 293 20
568 2 2 4 1 199 381 148
569 2 2 4 1 418 433 111
570 2 2 4 1 275 299 97
571 2 2 4 1 36 321 35
572 2 2 4 1 299 335 150
573 2 2 4 1 146 380 244
574 2 2 4 1 263 300 118
575 2 2 4 1 312 384 145
576 2 2 4 1 59 374 225
577 2 2 4 1 355 406 107
578 2 2 4 1 68 385 287
579 2 2 4 1 216 315 81
580 2 2 4 1 233 423 88
581 2 2 4 1 127 310 280
582 2 2 4 1 151 400 209
583 2 2 4 1 107 345 261
584 2 2 4 1 95 279 247
585 2 2 4 1 310 336 160
586 2 2 4 1 46 311 45
587 2 2 4 1 308 363 92
588 2 2 4 1 141 241 191
589 2 2 4 1 236 381 111
590 2 2 4 1 33 351 32
591 2 2 4 1 188 386 89
592 2 2 4 1 178 407 173
593 2 2 4 1 223 440 7
594 2 2 4 1 259 403 136
595 2 2 4 1 128 361 301
596 2 2 4 1 213 383 12
597 2 2 4 1 186 413 377
598 2 2 4 1 109 370 360
599 2 2 4 1 27 356 209
600 2 2 4 1 120 304 267
601 2 2 4 1 38 272 271
602 2 2 4 1 86 324 260
603 2 2 4 1 154 431 227
604 2 2 4 1 56 382 55
605 2 2 4 1 32 334 31
606 2 2 4 1 109 306 133
607 2 2 4 1 123 325 224
608 2 2 4 1 237 428 152
609 2 2 4 1 341 411 204
610 2 2 4 1 106 388 280
611 2 2 4 1 240 409 50
612 2 2 4 1 87 232 212
613 2 2 4 1 30 286 29
614 2 2 4 1 50 409 49
615 2 2 4 1 251 332 91
616 2 2 4 1 250 423 233
617 2 2 4 1 236 398 148
618 2 2 4 1 251 359 131
619 2 2 4 1 57 378 278
620 2 2 4 1 228 406 355
621 2 2 4 1 246 389 123
622 2 2 4 1 228 355 140
623 2 2 4 1 149 313 221
624 2 2 4 1 136 403 239
625 2 2 4 1 65 322 183
626 2 2 4 1 278 416 138
627 2 2 4 1 118 400 263
628 2 2 4 1 318 325 123
629 2 2 4 1 85 411 341
630 2 2 4 1 261 355 107
631 2 2 4 1 163 305 265
632 2 2 4 1 268 439 166
633 2 2 4 1 249 388 170
634 2 2 4 1 269 283 25
635 2 2 4 1 62 367 61
636 2 2 4 1 179 433 242
637 2 2 4 1 17 357 16
638 2 2 4 1 232 338 105
639 2 2 4 1 152 397 220
640 2 2 4 1 140 294 228
641 2 2 4 1 369 412 112
642 2 2 4 1 53 410 257
643 2 2 4 1 279 350 306
644 2 2 4 1 260 407 98
645 2 2 4 1 180 363 308
646 2 2 4 1 261 345 130
647 2 2 4 1 40 348 39
648 2 2 4 1 97 331 275
649 2 2 4 1 28 356 27
650 2 2 4 1 31 334 244
651 2 2 4 1 85 438 219
652 2 2 4 1 139 321 235
653 2 2 4 1 275 331 147
654 2 2 4 1 262 356 28
655 2 2 4 1 4 405 64
656 2 2 4 1 90 377 309
657 2 2 4 1 123 389 287
658 2 2 4 1 22 365 21
659 2 2 4 1 39 348 272
660 2 2 4 1 287 385 218
661 2 2 4 1 163 367 256
662 2 2 4 1 266 374 60
663 2 2 4 1 80 276 243
664 2 2 4 1 360 370 117
665 2 2 4 1 178 425 284
666 2 2 4 1 150 335 303
667 2 2 4 1 147 316 275
668 2 2 4 1 195 321 139
669 2 2 4 1 244 334 146
670 2 2 4 1 33 373 351
671 2 2 4 1 5 399 77
672 2 2 4 1 221 375 149
673 2 2 4 1 21 365 253
674 2 2 4 1 280 310 160
675 2 2 4 1 113 425 245
676 2 2 4 1 97 398 236
677 2 2 4 1 344 419 177
678 2 2 4 1 137 309 175
679 2 2 4 1 90 419 344
680 2 2 4 1 300 360 117
681 2 2 4 1 257 410 167
682 2 2 4 1 67 389 66
683 2 2 4 1 133 248 205
684 2 2 4 1 150 303 291
685 2 2 4 1 250 368 312
686 2 2 4 1 143 366 328
687 2 2 4 1 60 374 59
688 2 2 4 1 87 390 338
689 2 2 4 1 153 362 349
690 2 2 4 1 66 322 65
691 2 2 4 1 296 411 85
692 2 2 4 1 126 328 290
693 2 2 4 1 34 373 33
694 2 2 4 1 359 418 111
695 2 2 4 1 334 351 146
696 2 2 4 1 113 297 215
697 2 2 4 1 128 420 264
698 2 2 4 1 29 286 262
699 2 2 4 1 303 362 153
700 2 2 4 1 265 371 129
701 2 2 4 1 270 396 144
702 2 2 4 1 250 312 102
703 2 2 4 1 272 348 172
704 2 2 4 1 258 432 138
705 2 2 4 1 274 393 136
706 2 2 4 1 119 428 237
707 2 2 4 1 227 431 69
708 2 2 4 1 69 431 68
709 2 2 4 1 153 292 291
710 2 2 4 1 260 361 164
711 2 2 4 1 103 400 384
712 2 2 4 1 263 326 100
713 2 2 4 1 292 339 81
714 2 2 4 1 177 419 394
715 2 2 4 1 292 330 157
716 2 2 4 1 135 341 204
717 2 2 4 1 165 354 208
718 2 2 4 1 118 269 209
719 2 2 4 1 145 384 286
720 2 2 4 1 152 428 255
721 2 2 4 1 186 358 162
722 2 2 4 1 142 353 267
723 2 2 4 1 117 340 300
724 2 2 4 1 165 427 354
725 2 2 4 1 277 365 22
726 2 2 4 1 350 429 110
727 2 2 4 1 135 414 341
728 2 2 4 1 162 343 186
729 2 2 4 1 281 342 155
730 2 2 4 1 158 370 134
731 2 2 4 1 275 316 155
732 2 2 4 1 171 325 318
733 2 2 4 1 267 440 223
734 2 2 4 1 24 408 23
735 2 2 4 1 354 427 203
736 2 2 4 1 313 430 119
737 2 2 4 1 303 335 108
738 2 2 4 1 58 378 57
739 2 2 4 1 283 408 24
740 2 2 4 1 94 368 250
741 2 2 4 1 106 439 268
742 2 2 4 1 290 386 188
743 2 2 4 1 145 286 244
744 2 2 4 1 284 425 113
745 2 2 4 1 173 407 260
746 2 2 4 1 19 395 2
747 2 2 4 1 117 426 193
748 2 2 4 1 197 412 314
749 2 2 4 1 291 303 153
750 2 2 4 1 278 382 56
751 2 2 4 1 32 351 334
752 2 2 4 1 238 404 92
753 2 2 4 1 219 390 296
754 2 2 4 1 193 340 117
755 2 2 4 1 288 415 148
756 2 2 4 1 231 350 95
757 2 2 4 1 205 395 194
758 2 2 4 1 168 418 251
759 2 2 4 1 191 383 213
760 2 2 4 1 54 410 53
761 2 2 4 1 347 434 159
762 2 2 4 1 145 380 312
763 2 2 4 1 107 406 264
764 2 2 4 1 302 401 171
765 2 2 4 1 264 420 172
766 2 2 4 1 200 430 313
767 2 2 4 1 234 396 15
768 2 2 4 1 100 300 263
769 2 2 4 1 290 328 104
770 2 2 4 1 104 402 364
771 2 2 4 1 116 415 288
772 2 2 4 1 295 435 156
773 2 2 4 1 144 429 231
774 2 2 4 1 341 414 208
775 2 2 4 1 291 417 150
776 2 2 4 1 23 408 277
777 2 2 4 1 329 435 101
778 2 2 4 1 307 409 161
779 2 2 4 1 148 415 282
780 2 2 4 1 234 429 396
781 2 2 4 1 301 361 98
782 2 2 4 1 309 419 90
783 2 2 4 1 157 339 292
784 2 2 4 1 126 421 230
785 2 2 4 1 293 395 19
786 2 2 4 1 352 391 202
787 2 2 4 1 42 387 289
788 2 2 4 1 108 362 303
789 2 2 4 1 251 418 359
790 2 2 4 1 201 401 302
791 2 2 4 1 137 419 309
792 2 2 4 1 300 340 118
793 2 2 4 1 155 342 335
794 2 2 4 1 148 398 288
795 2 2 4 1 298 439 106
796 2 2 4 1 149 375 307
797 2 2 4 1 241 413 10
798 2 2 4 1 328 366 104
799 2 2 4 1 364 402 185
800 2 2 4 1 372 434 88
801 2 2 4 1 105 338 337
802 2 2 4 1 49 409 307
803 2 2 4 1 92 404 308
804 2 2 4 1 248 357 17
805 2 2 4 1 159 411 296
806 2 2 4 1 247 326 94
807 2 2 4 1 354 438 85
808 2 2 4 1 307 391 149
809 2 2 4 1 264 406 164
810 2 2 4 1 351 373 215
811 2 2 4 1 172 420 272
812 2 2 4 1 314 410 54
813 2 2 4 1 306 350 110
814 2 2 4 1 263 400 103
815 2 2 4 1 151 356 262
816 2 2 4 1 329 414 211
817 2 2 4 1 245 425 178
818 2 2 4 1 138 416 298
819 2 2 4 1 161 391 307
820 2 2 4 1 335 342 108
821 2 2 4 1 103 368 263
822 2 2 4 1 208 414 329
823 2 2 4 1 68 431 385
824 2 2 4 1 89 392 304
825 2 2 4 1 158 426 370
826 2 2 4 1 349 362 169
827 2 2 4 1 287 389 67
828 2 2 4 1 167 410 314
829 2 2 4 1 209 356 151
830 2 2 4 1 262 384 151
831 2 2 4 1 362 437 169
832 2 2 4 1 149 391 352
833 2 2 4 1 308 404 174
834 2 2 4 1 314 412 167
835 2 2 4 1 326 368 94
836 2 2 4 1 263 368 326
837 2 2 4 1 312 380 102
838 2 2 4 1 95 350 279
839 2 2 4 1 192 417 315
840 2 2 4 1 277 408 193
841 2 2 4 1 186 377 358
842 2 2 4 1 157 402 366
843 2 2 4 1 231 429 350
844 2 2 4 1 416 439 298
845 2 2 4 1 169 437 422
846 2 2 4 1 7 440 353
847 2 2 4 1 159 434 411
848 2 2 4 1 177 421 344
849 2 2 4 1 193 408 283
850 2 2 4 1 203 427 394
851 2 2 4 1 110 429 234
852 2 2 4 1 353 440 267
853 2 2 4 1 358 377 90
854 2 2 4 1 100 360 300
855 2 2 4 1 177 424 421
856 2 2 4 1 204 434 372
857 2 2 4 1 366 402 104
858 2 2 4 1 385 431 154
859 2 2 4 1 158 365 277
860 2 2 4 1 203 438 354
861 2 2 4 1 108 437 362
862 2 2 4 1 337 338 175
863 2 2 4 1 253 365 158
864 2 2 4 1 394 427 82
865 2 2 4 1 193 426 277
866 2 2 4 1 421 424 230
867 2 2 4 1 396 429 144
868 2 2 4 1 411 434 204
869 2 2 4 1 82 424 394
870 2 2 4 1 277 426 158
871 2 2 4 1 338 390 175
872 2 2 4 1 166 439 416
873 2 2 4 1 370 426 117
874 2 2 4 1 422 437 227
875 2 2 4 1 394 424 177
876 2 2 4 1 194 395 293
877 2 2 4 1 3 52 51
878 2 2 4 1 52 257 51
$EndElements
